58605.819690            -6.5087        172910.0909      38       2       3  1749+096
58605.830697            35.2664        172787.2696      49       2       3  0613+570
58605.837109            -3.9754        172778.1656      55       2       3  2335-027
58605.842954            -7.8804        172804.9680      58       2       3  2013+163
58605.847259           -13.4482        172796.6737      60       2       3  3C418   
58605.874736           -12.5872        172790.4201      84       2       3  2013+163
58605.896391           -11.1154        172757.2429     101       2       3  2215+150
58605.901958            -7.0570        172796.2804     105       2       3  2013+163
58605.906715           -12.7691        172729.2823     110       2       3  0202+319
58605.908995            11.7768        172829.0273     112       2       3  1053+704
58605.918347            -9.3306        172753.3159     122       2       3  2229+695
58605.930222            -6.4154        172736.2182     130       2       3  0716+714
58605.935616           -12.7742        172712.1184     135       2       3  0202+319
58605.962340             8.3046        172683.7365     156       2       3  0104-408
58605.978231            -0.2830        172747.7606     171       2       3  1803+784
58605.986507             7.3744        172686.5925     176       2       3  0104-408
58605.991264            18.3169        172637.6824     180       2       3  0458-020
58605.995673            -4.2269        172687.9168     186       2       3  0151+474
58606.014539             5.1445        172638.9197     202       2       3  0458-020
58606.017768             0.1503        172666.5761     206       2       3  0216+011
58606.019528             5.2638        172689.2092     208       2       3  0104-408
58606.023104             4.8195        172641.9216     211       2       3  0347-211
58606.044921             2.7060        172627.2019     222       2       3  0458-020
58606.047861             0.1079        172659.3347     226       2       3  0119+115
58606.057305            11.2584        172607.6250     236       2       3  0454-234
58606.065535            -1.0938        172635.4545     241       2       3  0716+714
58606.088625             9.2771        172601.3061     256       2       3  0454-234
58606.089771             6.4992        172607.4405     257       2       3  0458-020
58606.103359            11.9798        172665.0234     268       2       3  1803+784
58606.105291             0.2638        172605.5109     270       2       3  0716+714
58606.111819             9.7747        172664.5660     276       2       3  2229+695
58606.117213             5.6783        172586.2805     279       2       3  0458-020
58606.118683             6.8044        172581.2314     280       2       3  0454-234
58606.121356            -1.6574        172585.6231     282       2       3  1053+704
58606.137826             2.5530        172604.2287     293       2       3  0202+319
58606.141171             6.9452        172567.0855     296       2       3  0454-234
58606.144227             6.5103        172567.0918     298       2       3  0458-020
58606.146264             8.0076        172555.1735     301       2       3  0723+219
58606.155731             5.2411        172601.5383     308       2       3  1803+784
58606.165118            10.8804        172628.6950     317       2       3  0039+568
58606.167317            11.8944        172608.9853     319       2       3  0202+319
58606.178937             8.4531        172544.3140     329       2       3  0458-020
58606.183984            12.3244        172485.9565     334       2       3  1040+244
58606.188764            11.1643        172544.5564     339       2       3  0454-234
58606.208208             4.6819        172541.1421     351       2       3  1803+784
58606.210072            12.7283        172431.9169     353       2       3  1156+295
58606.211611             1.4624        172492.5441     355       2       3  0955+476
58606.215488            -1.4736        172505.1679     360       2       3  0716+714
58606.223729            16.6137        172579.4901     365       2       3  0322+222
58606.242132            -3.9802        172479.1267     381       2       3  0716+714
58606.244099            -5.2106        172457.8295     384       2       3  0955+476
58606.254389            -0.9747        172482.9851     394       2       3  1803+784
58606.259632            -7.8210        172418.5310     396       2       3  1156+295
58606.269724             9.6959        172548.7192     405       2       3  0458-020
58606.272803            -7.5376        172448.6584     407       2       3  0716+714
58606.278683            -4.3251        172338.1032     410       2       3  1145-071
58606.288532            -3.9244        172442.0792     421       2       3  1803+784
58606.291032            -1.0135        172429.5736     425       2       3  0727-115
58606.303243            -5.1982        172424.5355     437       2       3  0716+714
58606.309342           -12.3058        172340.9095     443       2       3  1124-186
58606.325014            -9.4863        172349.3381     454       2       3  1145-071
58606.341565             1.6025        172416.7401     471       2       3  0727-115
58606.348486             2.9997        172408.6508     476       2       3  0613+570
58606.351287            -6.4387        172370.1236     478       2       3  0834+250
58606.366275            -6.0580        172248.2634     493       2       3  1334-127
58606.378706            -3.7182        172244.4782     504       2       3  1502+106
58606.382826            -2.1420        172341.8217     508       2       3  0955+476
58606.394736            -0.9250        172309.2073     516       2       3  1145-071
58606.397560             0.5835        172323.1600     517       2       3  1040+244
58606.415847            -0.9302        172264.9831     532       2       3  1502+106
58606.421657            -3.5301        172270.7210     538       2       3  1144-379
58606.427884            -7.6392        172304.5799     545       2       3  1803+784
58606.445951            -1.5131        172308.8523     560       2       3  0955+476
58606.463810            -2.1196        172278.5389     572       2       3  1156+295
58606.465708             0.5956        172292.8025     575       2       3  1040+244
58606.491102           -13.7589        172179.0209     597       2       3  1519-273
58606.498347             0.1253        172282.3439     602       2       3  1040+244
58606.504747           -14.2475        172184.1867     607       2       3  3C418   
58606.513613             0.7540        172306.4261     615       2       3  0716+714
58606.517548            -0.6022        172257.6290     618       2       3  1053+704
58606.519736            -2.2445        172236.9357     620       2       3  1803+784
58606.522433           -11.3135        172221.9396     622       2       3  2229+695
58606.535708             2.9919        172246.2889     632       2       3  1156+295
58606.543949            -5.3400        172162.0930     639       2       3  1741-038
58606.547132            -2.3969        172298.6113     641       2       3  0716+714
58606.552479             7.5801        172206.3581     646       2       3  NRAO512 
58606.562803             5.5490        172178.0702     656       2       3  1749+096
58606.569412             9.9112        172200.9537     662       2       3  1502+106
58606.571160           -16.4263        172180.8963     664       2       3  1424-418
58606.572734             6.3282        172178.2540     666       2       3  1639-062
58606.591842             8.2417        172164.7996     683       2       3  1749+096
58606.600916             7.1260        172154.6532     691       2       3  1741-038
58606.604204             1.7665        172153.5176     695       2       3  3C418   
58606.607595             1.4610        172120.3019     700       2       3  2013+163
58606.611437           -13.8782        172225.6348     702       2       3  1334-127
58606.613382             9.1470        172152.9989     704       2       3  1749+096
58606.614956             7.5586        172156.1999     706       2       3  1639-062
58606.621067            -0.2341        172110.9026     712       2       3  2113+293
58606.630778             5.0375        172163.9311     718       2       3  1502+106
58606.632826             4.0673        172080.9743     720       2       3  1936-155
58606.637224             0.8529        172130.0730     724       2       3  1657-261
58606.640685             5.5733        172115.3609     728       2       3  2013+163
58606.645014             2.6639        172107.5857     733       2       3  2113+293
58606.657514           -13.6751        172082.9966     745       2       3  0039+568
58606.664041             7.7949        172012.9794     749       2       3  2215+150
58606.668150             3.5240        172098.8538     752       2       3  2013+163
58606.683775            12.5030        172077.1652     766       2       3  1936-155
58606.686970             6.0903        172103.4322     769       2       3  1657-261
58606.694794             0.9945        172152.7610     775       2       3  1502+106
58606.716148            -3.4445        172142.3510     788       2       3  0716+714
58606.733787            17.7717        172049.4241     803       2       3  2013+163
58606.738254             9.0633        172032.0972     807       2       3  0039+568
58606.763891            11.7930        172019.9638     823       2       3  2013+163
58606.768706             2.9394        172028.5855     827       2       3  1803+784
58606.770893           -10.0604        172039.5073     829       2       3  0716+714
