58605.819690           -23.6336        172910.0909      38       2       3  1749+096
58605.830697            22.9401        172787.2696      49       2       3  0613+570
58605.837109           -22.0393        172778.1656      55       2       3  2335-027
58605.842954           -21.1992        172804.9680      58       2       3  2013+163
58605.847259           -26.0049        172796.6737      60       2       3  3C418   
58605.874736           -19.3362        172790.4201      84       2       3  2013+163
58605.896391           -16.2555        172757.2429     101       2       3  2215+150
58605.901958            -9.2207        172796.2804     105       2       3  2013+163
58605.906715           -19.0694        172729.2823     110       2       3  0202+319
58605.908995             5.3008        172829.0273     112       2       3  1053+704
58605.918347           -10.1633        172753.3159     122       2       3  2229+695
58605.930222            -5.8147        172736.2182     130       2       3  0716+714
58605.935616           -15.0016        172712.1184     135       2       3  0202+319
58605.962340            13.0475        172683.7365     156       2       3  0104-408
58605.978231             5.5022        172747.7606     171       2       3  1803+784
58605.986507            14.3486        172686.5925     176       2       3  0104-408
58605.991264            23.6415        172637.6824     180       2       3  0458-020
58605.995673             1.5067        172687.9168     186       2       3  0151+474
58606.014539            10.8716        172638.9197     202       2       3  0458-020
58606.017768             7.1203        172666.5761     206       2       3  0216+011
58606.019528            14.6162        172689.2092     208       2       3  0104-408
58606.023104            12.3180        172641.9216     211       2       3  0347-211
58606.044921             9.8931        172627.2019     222       2       3  0458-020
58606.047861            10.9097        172659.3347     226       2       3  0119+115
58606.057305            21.0049        172607.6250     236       2       3  0454-234
58606.065535             9.4755        172635.4545     241       2       3  0716+714
58606.088625            22.1686        172601.3061     256       2       3  0454-234
58606.089771            17.8434        172607.4405     257       2       3  0458-020
58606.103359            24.0214        172665.0234     268       2       3  1803+784
58606.105291            12.2353        172605.5109     270       2       3  0716+714
58606.111819            21.7450        172664.5660     276       2       3  2229+695
58606.117213            15.3369        172586.2805     279       2       3  0458-020
58606.118683            17.6083        172581.2314     280       2       3  0454-234
58606.121356             9.5369        172585.6231     282       2       3  1053+704
58606.137826            14.0489        172604.2287     293       2       3  0202+319
58606.141171            16.2593        172567.0855     296       2       3  0454-234
58606.144227            14.5792        172567.0918     298       2       3  0458-020
58606.146264            13.5038        172555.1735     301       2       3  0723+219
58606.155731            12.9787        172601.5383     308       2       3  1803+784
58606.165118            18.1892        172628.6950     317       2       3  0039+568
58606.167317            20.6321        172608.9853     319       2       3  0202+319
58606.178937            14.4760        172544.3140     329       2       3  0458-020
58606.183984            16.3005        172485.9565     334       2       3  1040+244
58606.188764            17.1364        172544.5564     339       2       3  0454-234
58606.208208             7.9918        172541.1421     351       2       3  1803+784
58606.210072            16.5207        172431.9169     353       2       3  1156+295
58606.211611             1.7681        172492.5441     355       2       3  0955+476
58606.215488             0.8395        172505.1679     360       2       3  0716+714
58606.223729            19.7399        172579.4901     365       2       3  0322+222
58606.242132            -4.0877        172479.1267     381       2       3  0716+714
58606.244099            -8.1127        172457.8295     384       2       3  0955+476
58606.254389            -1.9060        172482.9851     394       2       3  1803+784
58606.259632           -12.5926        172418.5310     396       2       3  1156+295
58606.269724             8.4049        172548.7192     405       2       3  0458-020
58606.272803           -10.4981        172448.6584     407       2       3  0716+714
58606.278683            -8.4966        172338.1032     410       2       3  1145-071
58606.288532            -8.2603        172442.0792     421       2       3  1803+784
58606.291032            -5.7752        172429.5736     425       2       3  0727-115
58606.303243           -11.0830        172424.5355     437       2       3  0716+714
58606.309342           -20.7497        172340.9095     443       2       3  1124-186
58606.325014           -21.1226        172349.3381     454       2       3  1145-071
58606.341565            -7.9197        172416.7401     471       2       3  0727-115
58606.348486            -6.9899        172408.6508     476       2       3  0613+570
58606.351287           -18.0886        172370.1236     478       2       3  0834+250
58606.366275           -19.7143        172248.2634     493       2       3  1334-127
58606.378706           -19.0013        172244.4782     504       2       3  1502+106
58606.382826           -17.9649        172341.8217     508       2       3  0955+476
58606.394736           -19.8994        172309.2073     516       2       3  1145-071
58606.397560           -17.8406        172323.1600     517       2       3  1040+244
58606.415847           -23.5864        172264.9831     532       2       3  1502+106
58606.421657           -23.1668        172270.7210     538       2       3  1144-379
58606.427884           -14.9354        172304.5799     545       2       3  1803+784
58606.445951            -6.6895        172308.8523     560       2       3  0955+476
58606.463810            -7.7021        172278.5389     572       2       3  1156+295
58606.465708            -3.1028        172292.8025     575       2       3  1040+244
58606.491102           -16.8025        172179.0209     597       2       3  1519-273
58606.498347            -0.0559        172282.3439     602       2       3  1040+244
58606.504747           -13.6500        172184.1867     607       2       3  3C418   
58606.513613            -0.3661        172306.4261     615       2       3  0716+714
58606.517548             0.7571        172257.6290     618       2       3  1053+704
58606.519736            -1.6719        172236.9357     620       2       3  1803+784
58606.522433            -9.7860        172221.9396     622       2       3  2229+695
58606.535708             5.9624        172246.2889     632       2       3  1156+295
58606.543949            -5.7724        172162.0930     639       2       3  1741-038
58606.547132            -2.5994        172298.6113     641       2       3  0716+714
58606.552479             8.0779        172206.3581     646       2       3  NRAO512 
58606.562803             6.0150        172178.0702     656       2       3  1749+096
58606.569412            13.0945        172200.9537     662       2       3  1502+106
58606.571160           -11.3814        172180.8963     664       2       3  1424-418
58606.572734             8.5477        172178.2540     666       2       3  1639-062
58606.591842            11.5894        172164.7996     683       2       3  1749+096
58606.600916            11.8127        172154.6532     691       2       3  1741-038
58606.604204             8.5628        172153.5176     695       2       3  3C418   
58606.607595             7.4690        172120.3019     700       2       3  2013+163
58606.611437            -4.2977        172225.6348     702       2       3  1334-127
58606.613382            14.9016        172152.9989     704       2       3  1749+096
58606.614956            14.8426        172156.1999     706       2       3  1639-062
58606.621067             8.0065        172110.9026     712       2       3  2113+293
58606.630778            16.4001        172163.9311     718       2       3  1502+106
58606.632826            13.6839        172080.9743     720       2       3  1936-155
58606.637224            11.5156        172130.0730     724       2       3  1657-261
58606.640685            14.0178        172115.3609     728       2       3  2013+163
58606.645014            12.4516        172107.5857     733       2       3  2113+293
58606.657514             1.7931        172082.9966     745       2       3  0039+568
58606.664041            23.6009        172012.9794     749       2       3  2215+150
58606.668150            14.6782        172098.8538     752       2       3  2013+163
58606.683775            12.6910        172077.1652     766       2       3  1936-155
58606.686970             8.4093        172103.4322     769       2       3  1657-261
58606.694794             3.6112        172152.7610     775       2       3  1502+106
58606.716148            -9.7973        172142.3510     788       2       3  0716+714
58606.733787            12.5315        172049.4241     803       2       3  2013+163
58606.738254             6.0672        172032.0972     807       2       3  0039+568
58606.763891             5.3252        172019.9638     823       2       3  2013+163
58606.768706            -0.1427        172028.5855     827       2       3  1803+784
58606.770893           -15.6150        172039.5073     829       2       3  0716+714
