58612.771981           -15.4999        213562.3728       2       2       3  1424-418
58612.773301           -13.4912        213572.2996       3       2       3  2255-282
58612.774956           -12.8349        213584.8312       6       2       3  1749+096
58612.778000           -14.5920        213595.0275      10       2       3  2052-474
58612.782132           -15.4800        213610.6526      14       2       3  1759-396
58612.788833           -14.1405        213636.2096      22       2       3  2008-159
58612.805812            -3.2610        213644.1784      32       2       3  0131-522
58612.807768            -7.3095        213720.9795      34       2       3  3C454.3 
58612.809122            -1.3455        213719.6267      35       2       3  2355-106
58612.811622           -10.2612        213714.7564      36       2       3  1749+096
58612.841970             2.5655        213836.6322      62       2       3  1759-396
58612.844389             5.7321        213866.1957      65       2       3  3C418   
58612.845801            10.7537        213859.1949      66       2       3  3C454.3 
58612.849111             3.8837        213865.4698      71       2       3  2052-474
58612.856449            11.7731        213896.3423      78       2       3  2355-106
58612.861646             9.1479        213913.0135      85       2       3  2318+049
58612.867849            11.6893        213943.3111      90       2       3  3C418   
58612.874655            10.6508        213959.7706      97       2       3  3C454.3 
58612.881657             8.5945        213983.1488     104       2       3  2355-106
58612.885407             7.5342        213983.5824     108       2       3  1749+096
58612.894099             9.7298        214028.2125     114       2       3  2318+049
58612.899759            14.3916        214050.9730     122       2       3  3C418   
58612.902849             5.0863        214052.2993     126       2       3  1908-201
58612.909713            10.2519        214065.1176     132       2       3  1749+096
58612.924018             6.8364        214130.8343     144       2       3  2318+049
58612.928602            15.0119        214149.1102     150       2       3  3C418   
58612.930430             5.0696        214153.8565     153       2       3  2255-282
58612.932491             5.0714        214157.1665     154       2       3  2008-159
58612.939192             5.2098        214176.0745     161       2       3  1908-201
58612.942595             8.6189        214181.1274     165       2       3  1759-396
58612.944805            11.4893        214192.7062     168       2       3  0308-611
58612.948197             7.7977        214213.2631     174       2       3  0131-522
58612.954261             3.8618        214234.1388     179       2       3  2318+049
58612.959528             1.1179        214251.9946     182       2       3  2255-282
58612.960893             1.2399        214256.3763     184       2       3  2355-106
58612.964493            18.0357        214200.0940     186       2       3  1749+096
58612.967363             4.7576        214276.0704     189       2       3  2008-159
58612.974157             6.4592        214304.6571     197       2       3  0131-522
58612.976796             9.2285        214308.3205     200       2       3  0308-611
58612.981657             2.0268        214328.1895     203       2       3  2318+049
58612.985419             1.0780        214342.3616     208       2       3  2355-106
58612.988011             7.7534        214349.9688     212       2       3  3C418   
58612.993567            18.2395        214374.8923     217       2       3  0454-234
58612.998787           -18.7960        214308.0144     223       2       3  1759-396
58613.001379           -11.3455        214350.9231     226       2       3  0537-441
58613.004041           -17.7140        214381.4217     230       2       3  2052-474
58613.006090           -15.5961        214389.5292     234       2       3  0308-611
58613.010129           -22.8022        214402.5652     239       2       3  2318+049
58613.014076           -16.4993        214410.0442     243       2       3  2008-159
58613.020280           -19.4118        214442.1466     250       2       3  0131-522
58613.022433           -14.3675        214447.4351     253       2       3  0454-234
58613.024215           -23.3592        214453.5473     255       2       3  2355-106
58613.027467           -16.2836        214461.8843     257       2       3  2052-474
58613.029458           -17.1268        214471.7429     261       2       3  0308-611
58613.040685           -22.2772        214508.9277     267       2       3  2318+049
58613.044805           -16.7395        214526.6867     272       2       3  0454-234
58613.046229           -18.6575        214534.2028     275       2       3  0131-522
58613.049285           -21.2736        214542.8032     279       2       3  2355-106
58613.052213           -17.0199        214552.8725     283       2       3  0308-611
58613.054261           -15.2998        214551.4858     286       2       3  2052-474
58613.056680           -15.5974        214564.1582     289       2       3  0537-441
58613.060361           -14.4437        214570.0121     294       2       3  0530-727
58613.065488           -19.7348        214599.5837     299       2       3  NRAO190 
58613.069366           -18.0516        214614.0304     303       2       3  0454-234
58613.072201           -17.1028        214626.7586     306       2       3  0131-522
58613.078440           -20.9118        214639.7754     314       2       3  2318+049
58613.083173           -13.2958        214645.1374     318       2       3  2052-474
58613.086634           -20.8197        214669.5414     323       2       3  0202+319
58613.090106           -18.1110        214686.8978     327       2       3  2355-106
58613.092282           -18.4337        214695.6711     329       2       3  0454-234
58613.106796             0.7730        214757.1216     344       2       3  2318+049
58613.113440             3.6020        214783.8109     351       2       3  2255-282
58613.115187             2.7123        214798.2930     353       2       3  0454-234
58613.116692            -0.4242        214750.9684     355       2       3  2052-474
58613.137051             5.5991        214860.8867     376       2       3  2318+049
58613.148289             4.4673        214907.7685     382       2       3  0202+319
58613.152166             8.4855        214934.7943     386       2       3  0454-234
58613.156368             9.1072        214945.3071     390       2       3  0308-611
58613.166622            -0.6521        214943.1277     400       2       3  2318+049
58613.171773            -5.6129        215000.9129     403       2       3  0748+126
58613.173717           -23.8574        215018.0005     406       2       3  0529+483
58613.178162             3.9461        215018.2489     411       2       3  0743-006
58613.180604             5.3926        215011.7348     413       2       3  2355-106
58613.184285            10.5263        215049.7178     416       2       3  0454-234
58613.191611             3.3386        215053.6193     424       2       3  0202+319
58613.197653           -12.9919        214980.5862     428       2       3  2318+049
58613.207896             3.7118        215120.2190     438       2       3  0847-120
58613.211634             8.2525        215140.4235     443       2       3  0743-006
58613.214134            13.6705        215157.2756     447       2       3  0454-234
58613.215708             4.3168        215150.8201     449       2       3  0748+126
58613.218150            -3.4872        215105.3498     450       2       3  2355-106
58613.220847            10.3725        215169.9976     454       2       3  0308-611
58613.236102            -4.4205        215213.2239     468       2       3  0529+483
58613.239528             3.1838        215232.8822     472       2       3  0748+126
58613.252132             7.3923        215265.5889     485       2       3  0131-522
58613.254412            -7.6502        215240.0234     491       2       3  1144-379
58613.256472            -5.9077        215248.1651     492       2       3  0202+319
58613.260002             1.9277        215295.8825     496       2       3  1034-293
58613.262352             8.0058        215317.7512     498       2       3  0748+126
58613.265315             4.5195        215324.8454     500       2       3  0827+243
58613.275824            11.5937        215370.0441     506       2       3  0743-006
58613.277896            15.8686        215380.7848     509       2       3  0454-234
58613.288497             0.3290        215394.2111     524       2       3  0529+483
58613.290465             5.0095        215382.0623     527       2       3  0131-522
58613.293046            10.8696        215415.8410     529       2       3  0308-611
58613.295847             8.0445        215432.7635     532       2       3  1034-293
58613.298058            12.0555        215448.4432     534       2       3  0743-006
58613.301518            15.3359        215461.4730     536       2       3  0454-234
58613.311067             5.7566        215477.9858     544       2       3  1144-379
58613.313162             4.9968        215469.3125     546       2       3  1255-316
58613.321356            -1.7061        215453.8665     556       2       3  0131-522
58613.324609            14.5464        215539.4700     559       2       3  0454-234
58613.326727             7.0956        215517.4878     560       2       3  1251-713
58613.336125            14.6567        215583.8845     571       2       3  0743-006
58613.338324             9.5202        215581.5898     573       2       3  1144-379
58613.345384            -1.1567        215583.6394     580       2       3  0529+483
58613.349134             2.9125        215623.5793     583       2       3  1059+282
58613.353301            12.6867        215634.2424     585       2       3  0454-234
58613.354632             6.4550        215610.3977     587       2       3  0308-611
58613.357954            11.4861        215654.7213     589       2       3  0748+126
58613.365882            10.8667        215682.1981     598       2       3  1144-379
58613.368035             9.9557        215690.4209     600       2       3  1055+018
58613.369412            10.7989        215697.6722     602       2       3  1034-293
58613.375234             9.6111        215711.4987     610       2       3  0827+243
58613.379701            11.5326        215719.8170     614       2       3  0454-234
58613.382653             7.8216        215715.4394     616       2       3  NRAO190 
58613.386287            12.0151        215753.0480     619       2       3  0748+126
58613.394747            12.4098        215784.4554     629       2       3  0743-006
58613.397016            10.0741        215794.1710     632       2       3  1034-293
58613.398382            10.9972        215798.1196     634       2       3  1144-379
58613.404342             6.5798        215791.8583     639       2       3  0454-234
58613.409018            10.3213        215829.2822     643       2       3  0748+126
58613.413995             2.2797        215841.7793     646       2       3  0955+476
58613.430072             3.7186        215903.7087     661       2       3  1144+402
58613.432919             9.9066        215870.9319     664       2       3  0454-234
58613.434597            10.2204        215916.0522     666       2       3  0748+126
58613.438035            10.4803        215937.6587     669       2       3  1144-379
58613.440187             9.9006        215943.4954     671       2       3  1255-316
58613.442710            11.1728        215929.4802     674       2       3  0537-441
58613.452155             9.2656        215986.2489     682       2       3  1034-293
58613.481518           -13.5496        216050.4720     712       2       3  0743-006
58613.483868           -13.4431        216067.2219     714       2       3  1144+402
58613.497514           -19.6466        216115.7760     726       2       3  1144-379
58613.503717           -16.8370        216130.7325     731       2       3  1251-713
58613.511819           -10.3159        216135.4108     741       2       3  1759-396
58613.530974           -12.4220        216185.3631     757       2       3  0748+126
58613.539319           -25.3859        216174.8207     765       2       3  0821+394
58613.543440           -11.1479        216266.4573     767       2       3  1759-396
58613.548440           -12.7288        216288.6384     773       2       3  1144+402
58613.601194            -6.5223        216460.8364     825       2       3  1954-388
58613.604481           -14.1268        216474.7078     829       2       3  1144+402
58613.606923            -4.2899        216431.3115     832       2       3  2052-474
58613.608775            -7.7721        216511.7043     835       2       3  1759-396
58613.610535            -4.5610        216520.1494     836       2       3  1144-379
58613.611958            -4.6345        216517.0051     838       2       3  1034-293
58613.615859           -12.5916        216534.4316     843       2       3  1749+096
58613.617062            -8.5688        216536.9390     845       2       3  1908-201
58613.619227            -6.7778        216534.1166     847       2       3  1954-388
58613.624724            -5.8236        216554.8010     851       2       3  1055+018
58613.638173            -6.2972        216615.3512     865       2       3  1908-201
58613.645650            -8.4136        216642.0414     873       2       3  1749+096
58613.647236            -1.6380        216630.1069     875       2       3  1034-293
58613.648914            -2.8976        216635.1132     876       2       3  2052-474
58613.653231            -4.4497        216640.4619     879       2       3  1055+018
58613.655454           -11.2705        216632.3535     881       2       3  1144+402
58613.659076             0.0497        216686.8052     885       2       3  1144-379
58613.682074            -0.3940        216760.2012     907       2       3  1144-379
58613.685511             0.6937        216775.3870     912       2       3  1251-713
58613.690199            -1.5077        216802.9020     915       2       3  2008-159
58613.695870            -2.1063        216823.9812     921       2       3  1749+096
58613.698602             2.7170        216836.8242     924       2       3  1954-388
58613.702745             3.8563        216852.0667     926       2       3  1424-418
58613.704041             2.7265        216858.9523     928       2       3  1908-201
58613.709921             3.3665        216872.2088     934       2       3  2052-474
58613.711912             3.0762        216873.2052     936       2       3  1255-316
58613.716241             2.7791        216899.9084     941       2       3  2008-159
58613.719805             4.1899        216913.7216     945       2       3  1749+096
58613.722120             6.3689        216881.9529     947       2       3  1144-379
58613.725812            -1.1015        216925.3510     948       2       3  1726+455
58613.736680             6.1653        216977.2387     954       2       3  1908-201
58613.738127             6.2877        216982.4044     956       2       3  1759-396
58613.740014             6.8802        216984.2242     959       2       3  2052-474
58613.741541             9.4139        216979.6491     962       2       3  2255-282
58613.743173             4.6672        216995.3986     965       2       3  1749+096
58613.745569            11.3945        216924.8865     968       2       3  1144-379
58613.767687             8.6286        217088.1811     988       2       3  1908-201
58613.769354             7.5090        217088.8486     990       2       3  1749+096
58613.770766             7.2926        217086.7097     991       2       3  2255-282
