58616.711148           -19.7038         20538.7133       4       2       3  3C418   
58616.721125           -16.9340         20605.1536      15       2       3  1806+456
58616.724539           -22.2824         20583.4600      18       2       3  2113+293
58616.731842           -22.1856         20632.4052      26       2       3  1954-388
58616.738185           -21.8497         20650.5758      31       2       3  1741-038
58616.740801           -20.8734         20627.3590      35       2       3  2008-159
58616.749759           -14.6351         20631.4879      45       2       3  1806+456
58616.755141           -25.7813         20679.9893      52       2       3  1741-038
58616.757375           -17.0553         20606.8952      54       2       3  3C418   
58616.758995           -19.3672         20658.8717      56       2       3  1908-201
58616.839690            -5.3479         20744.0912     143       2       3  1806+456
58616.852074            -1.8592         20708.7314     158       2       3  3C418   
58616.863081             0.3554         20714.9942     172       2       3  0017+200
58616.870465             1.2370         20727.3688     184       2       3  3C418   
58616.881484             4.2177         20737.1190     196       2       3  0017+200
58616.900754            12.7645         20763.3861     221       2       3  0017+200
58616.902919             0.5279         20708.5501     225       2       3  0202+319
58616.907572             3.0035         20762.0258     231       2       3  3C418   
58616.917386            20.3277         20785.6031     243       2       3  0017+200
58616.921021             4.0717         20733.4238     248       2       3  0110+495
58616.928683             5.8394         20786.4078     257       2       3  3C418   
58616.943451            19.1507         20785.7355     272       2       3  0202+319
58616.944620             6.7594         20807.2081     274       2       3  3C418   
58616.950789            20.7344         20807.6845     280       2       3  2309+454
58616.962653             7.8005         20839.6673     294       2       3  3C418   
58616.964111            31.0860         20836.6221     296       2       3  0017+200
58616.970199            24.6880         20818.8371     303       2       3  0202+319
58616.989157            18.7783         20810.8891     323       2       3  0454-234
58616.997653            27.0986         20846.6512     332       2       3  0202+319
58617.015280            26.8026         20861.9629     352       2       3  0202+319
58617.024204            21.2060         20856.8788     364       2       3  0454-234
58617.038486            25.1730         20880.6086     382       2       3  0202+319
58617.041565            22.2097         20909.1584     385       2       3  0017+200
58617.047861            22.9486         20882.3488     392       2       3  0454-234
58617.055477            24.1332         20894.5202     404       2       3  0202+319
58617.058694            13.3821         20934.7569     407       2       3  0017+200
58617.074354            20.1090         20907.5861     426       2       3  0202+319
58617.083092            19.1058         20911.2838     439       2       3  0454-234
58617.084585            20.6740         20922.4283     442       2       3  0347-211
58617.097896             2.9630         20926.7405     456       2       3  0524-485
58617.100072            13.1956         20920.9606     460       2       3  0454-234
58617.101819             3.0301         20768.9192     463       2       3  0613+570
58617.105361            13.1324         20923.7423     468       2       3  0420-014
58617.111426             4.2164         20891.2948     476       2       3  0727-115
58617.121379            -0.9041         20830.1675     490       2       3  0613+570
58617.132109             2.4450         20955.7336     500       2       3  0202+319
58617.136565            -1.2090         20869.1459     504       2       3  0920-397
58617.138092            -1.1496         20917.5115     506       2       3  0727-115
58617.140199            -1.3075         20867.7865     508       2       3  0613+570
58617.149574            -4.4888         20985.4191     521       2       3  0202+319
58617.152143            -4.1949         20955.4054     524       2       3  0454-234
58617.153960            -6.0064         20903.1574     526       2       3  0920-397
58617.156553            -2.4499         20957.1560     529       2       3  0420-014
58617.159018            -5.3368         20891.9845     531       2       3  0613+570
58617.180465           -14.0659         20984.2025     560       2       3  0454-234
58617.185384            -7.7693         20921.3481     567       2       3  0613+570
58617.194099           -14.6322         20948.8076     574       2       3  0920-397
58617.195812           -15.7980         20958.2820     578       2       3  0727-115
58617.197201           -18.3589         20949.2071     579       2       3  0808+019
58617.208023           -12.0526         20940.5954     590       2       3  0613+570
58617.221426           -19.9399         20977.4522     605       2       3  0727-115
58617.222745           -17.3691         20976.2077     607       2       3  0920-397
58617.229041           -13.0815         20959.6518     616       2       3  0613+570
58617.241217           -19.2840         20996.5190     627       2       3  0727-115
58617.242259           -20.2677         21017.2880     630       2       3  0627-199
58617.243972           -19.0751         20910.7262     631       2       3  0955+476
58617.250303           -18.7551         20983.2080     637       2       3  0805+410
58617.253694           -23.0655         20996.4275     640       2       3  0808+019
58617.257722           -21.1801         21010.7225     645       2       3  0727-115
58617.259261           -18.8472         21011.1764     648       2       3  0920-397
58617.273243           -19.7943         21003.7704     665       2       3  0805+410
58617.279967           -22.6074         21020.8412     674       2       3  0808+019
58617.295627           -18.1129         21025.9370     694       2       3  0805+410
58617.301298           -19.6270         21022.6952     701       2       3  1124-186
58617.303104           -22.0008         21066.0438     703       2       3  0727-115
58617.306345           -12.2740         21027.6156     708       2       3  0613+570
58617.308474           -22.9546         21061.3860     711       2       3  0920-397
58617.310430           -18.9241         21017.2514     713       2       3  0955+476
58617.316090           -17.0861         21045.6277     722       2       3  0805+410
58617.324215           -12.9583         21041.9410     734       2       3  0613+570
58617.328613           -14.1692         21041.1506     739       2       3  0955+476
58617.334724           -13.1454         21066.8892     746       2       3  0805+410
58617.342548           -11.3070         21059.2162     753       2       3  0613+570
58617.354933           -10.2082         21089.5418     766       2       3  0805+410
58617.359099           -10.9725         21079.9194     770       2       3  1059+282
58617.362271            -9.4435         21078.6578     775       2       3  0613+570
58617.372641            -7.2302         21111.4607     784       2       3  0805+410
58617.376437            -4.7973         21110.3496     786       2       3  1124-186
58617.378810            -6.0639         21097.2562     789       2       3  0955+476
58617.381704            -7.4073         21099.5654     792       2       3  0613+570
58617.389829            -7.5735         21132.6039     800       2       3  0805+410
58617.408347            -6.2798         21164.9789     823       2       3  0805+410
58617.416252            -0.8451         21137.0115     829       2       3  0955+476
58617.425222            10.6017         21159.8615     841       2       3  1243-072
58617.439979             4.9217         21165.5196     859       2       3  0955+476
58617.447097            11.5174         21184.5486     869       2       3  1059+282
58617.450535            12.8217         21059.3347     873       2       3  1639-062
58617.458972            14.9222         21195.8718     884       2       3  1243-072
58617.460812            10.5314         21192.8988     886       2       3  0955+476
58617.476541             9.2376         21263.6729     903       2       3  1124-186
58617.479146            16.6701         21186.5425     905       2       3  1548+056
58617.492757            17.9133         21243.4132     917       2       3  0955+476
58617.505859            22.2576         21252.5073     936       2       3  1243-072
58617.520477            20.6823         21235.9705     954       2       3  1548+056
58617.526518            17.8476         21232.7714     960       2       3  1639-062
58617.537514            18.2851         21249.3628     972       2       3  1417+385
58617.546831            17.4827         21253.6359     983       2       3  1639-062
58617.549794            20.9399         21264.5959     987       2       3  1548+056
58617.558150            14.1955         21249.3282     998       2       3  1741-038
58617.559863            11.9092         21256.3095    1000       2       3  1759-396
58617.573035            19.1987         21284.6939    1018       2       3  1548+056
58617.596310             5.0996         21288.6424    1046       2       3  1759-396
58617.598729             3.7756         21255.3642    1048       2       3  1954-388
58617.601136            14.0152         21306.1169    1052       2       3  1548+056
58617.615176             3.5500         21280.2031    1069       2       3  1954-388
58617.625083             4.8545         21279.1461    1082       2       3  1806+456
58617.637085            -0.5180         21315.1141    1093       2       3  1741-038
58617.654620            -3.8084         21342.6065    1113       2       3  1759-396
58617.656646            -5.8067         21328.5168    1115       2       3  1741-038
58617.678544            -1.0319         21204.7683    1140       2       3  3C418   
58617.682676            -6.6932         21369.8114    1146       2       3  1639-062
58617.685986            -9.0323         21347.8566    1153       2       3  1954-388
58617.688949            -9.9238         21334.3314    1155       2       3  1806+456
58617.696298            -7.3509         21270.3883    1162       2       3  3C418   
58617.705245            -4.6303         21345.4690    1173       2       3  2232-488
