58533.725326             0.3307          1662.6633      24       2       3  0202+319             0.0001
58533.727421             0.3255          1662.7451      26       2       3  0215+015             0.0002
58533.824215             0.0385          1661.8204     132       2       3  0202+319             0.0001
58533.829180             0.0190          1661.2863     136       2       3  0748+126             0.0002
58533.830581             0.0119          1661.5570     138       2       3  0552+398             0.0002
58533.835882            -0.0384          1661.7867     148       2       3  CTA26                0.0001
58533.839713             0.0222          1661.2963     151       2       3  0059+581             0.0001
58533.841680             0.2206          1659.9801     154       2       3  0016+731             0.0001
58533.844771            -0.0170          1661.3183     156       2       3  0748+126             0.0001
58533.846495            -0.0154          1661.4732     158       2       3  0552+398             0.0002
58533.853023             0.0013          1661.1890     167       2       3  0834-201             0.0002
58533.858162            -0.0002          1661.0728     173       2       3  0059+581             0.0002
58533.867190            -0.0586          1661.3437     185       2       3  0552+398             0.0002
58533.868590            -0.0704          1661.2632     188       2       3  0748+126             0.0002
58533.882919            -0.0828          1661.3199     212       2       3  0202+319             0.0001
58533.888729            -0.0999          1661.1845     218       2       3  0748+126             0.0002
58533.890048            -0.0740          1660.9449     220       2       3  OJ287                0.0001
58533.892294             0.0101          1660.5674     223       2       3  0059+581             0.0002
58533.900210            -0.0732          1661.2035     234       2       3  0202+319             0.0001
58533.902699            -0.1768          1661.3824     236       2       3  CTA26                0.0002
58533.909551            -0.0763          1660.9557     243       2       3  OJ287                0.0001
58533.910754            -0.1172          1661.0880     246       2       3  0748+126             0.0002
58533.912444            -0.1036          1661.0776     248       2       3  0552+398             0.0001
58533.921379            -0.0969          1661.0093     261       2       3  0202+319             0.0001
58533.925465            -0.1129          1660.8929     267       2       3  OJ287                0.0001
58533.926819            -0.1499          1660.9876     270       2       3  0748+126             0.0002
58533.928393            -0.1152          1660.9808     272       2       3  0552+398             0.0002
58533.941160            -0.0933          1660.8680     284       2       3  OJ287                0.0001
58533.943752            -0.1346          1660.9257     287       2       3  0748+126             0.0002
58533.945650            -0.1261          1660.8739     291       2       3  0552+398             0.0001
58533.950859            -0.1118          1660.7009     294       2       3  0202+319             0.0002
58533.966113            -0.0796          1660.7880     317       2       3  OJ287                0.0001
58533.967456            -0.1088          1660.8367     319       2       3  0748+126             0.0002
58533.969030            -0.0682          1660.7958     321       2       3  0552+398             0.0002
58533.972178            -0.0833          1660.4229     325       2       3  0202+319             0.0001
58533.983544            -0.0512          1660.7404     338       2       3  OJ287                0.0001
58533.984794            -0.0709          1660.7873     340       2       3  0748+126             0.0001
58533.991588            -0.0433          1660.6823     351       2       3  0552+398             0.0002
58533.999065            -0.0384          1660.6807     361       2       3  OJ287                0.0001
58534.000129            -0.0665          1660.7128     365       2       3  0748+126             0.0001
58534.011680            -0.0363          1660.5587     379       2       3  0552+398             0.0001
58534.015558            -0.0111          1660.6275     385       2       3  OJ287                0.0001
58534.016761            -0.0227          1660.6699     388       2       3  0748+126             0.0001
58534.027074            -0.0283          1660.4605     402       2       3  0552+398             0.0002
58534.028972             0.0375          1659.9855     405       2       3  0954+658             0.0002
58534.031819             0.0090          1660.5653     410       2       3  OJ287                0.0001
58534.033058            -0.0064          1660.6005     413       2       3  0748+126             0.0001
58534.044493             0.0415          1660.2377     429       2       3  1243-160             0.0001
58534.052653             0.0359          1660.5396     439       2       3  0748+126             0.0001
58534.064574             0.0667          1660.4510     453       2       3  OJ287                0.0001
58534.067109             0.0359          1660.2318     457       2       3  1243-160             0.0001
58534.081669             0.1106          1660.4026     477       2       3  OJ287                0.0001
58534.098613             0.1248          1660.3238     497       2       3  OJ287                0.0001
58534.099771             0.0860          1660.3541     499       2       3  0748+126             0.0001
58534.101738             0.0502          1659.8478     502       2       3  0552+398             0.0002
58534.123231             0.1450          1660.2855     530       2       3  1124-186             0.0001
58534.127201             0.1313          1660.1710     533       2       3  OJ287                0.0001
58534.128243             0.0846          1660.2629     535       2       3  0748+126             0.0001
58534.141252             0.1583          1659.0651     549       2       3  0552+398             0.0002
58534.147977             0.1392          1660.0628     558       2       3  OJ287                0.0001
58534.188694             0.1322          1659.8483     610       2       3  OJ287                0.0001
58534.191090             0.2469          1659.8895     613       2       3  3C274                0.0002
58534.193289             0.1649          1659.6795     616       2       3  1510-089             0.0001
58534.210268             0.1301          1659.8093     639       2       3  OJ287                0.0001
58534.221981             0.1322          1659.3380     650       2       3  1639-062             0.0001
58534.232456             0.1713          1658.8204     666       2       3  1749+096             0.0001
58534.252132             0.1290          1658.9613     692       2       3  1749+096             0.0001
58534.257259             0.0906          1659.0364     701       2       3  1741-038             0.0001
58534.263301             0.0314          1659.1970     709       2       3  1657-261             0.0001
58534.275048             0.0558          1658.9991     722       2       3  1741-038             0.0001
58534.283683             0.0952          1658.9625     733       2       3  1749+096             0.0001
58534.422236            -0.1319          1658.1877     935       2       3  1749+096             0.0001
58534.451912            -0.1089          1658.0623     967       2       3  1749+096             0.0001
58534.461171            -0.1000          1656.7091     980       2       3  2309+454             0.0002
58534.467988            -0.1093          1657.9816     985       2       3  1749+096             0.0001
58534.484551            -0.0717          1657.5184    1006       2       3  2318+049             0.0001
58534.486356            -0.1348          1657.2123    1008       2       3  2355-106             0.0001
58534.507919            -0.1072          1657.3940    1033       2       3  2355-106             0.0001
58534.518254            -0.0354          1657.5646    1045       2       3  2318+049             0.0001
58534.520627             0.0014          1657.6958    1048       2       3  2141+175             0.0002
58534.524771            -0.0670          1657.4585    1056       2       3  2355-106             0.0001
58534.548775            -0.1362          1655.8308    1088       2       3  0059+581             0.0001
58534.559805            -0.0021          1657.4677    1100       2       3  2355-106             0.0001
58534.564782            -0.1199          1655.9176    1106       2       3  0202+319             0.0002
58534.576472             0.0441          1657.4628    1117       2       3  2355-106             0.0001
58534.578868             0.0669          1657.4753    1121       2       3  2318+049             0.0002
58534.580616             0.0877          1657.5026    1125       2       3  2141+175             0.0002
58534.583035             0.0635          1657.3744    1130       2       3  2214+350             0.0004
58534.585870             0.0111          1656.6308    1134       2       3  0202+319             0.0001
58534.593428             0.0944          1657.4527    1144       2       3  2355-106             0.0001
58534.595673             0.1353          1657.4729    1149       2       3  2318+049             0.0001
58534.600569            -0.0037          1656.6049    1157       2       3  0059+581             0.0001
58534.608440             0.0501          1656.8525    1170       2       3  0202+319             0.0001
58534.610639            -0.0752          1655.7963    1172       2       3  0016+731             0.0001
58534.615083             0.1633          1657.4365    1178       2       3  2355-106             0.0001
58534.633162             0.1518          1657.3503    1199       2       3  2355-106             0.0001
58534.638231             0.0706          1656.9061    1204       2       3  0202+319             0.0001
58534.645210            -0.1372          1655.6583    1213       2       3  1806+456             0.0002
58534.648822             0.1814          1657.3141    1218       2       3  2355-106             0.0001
58534.656646             0.1086          1656.9145    1226       2       3  0202+319             0.0001
58534.658428            -0.0044          1656.6374    1229       2       3  CTA26                0.0002
58534.663497             0.0389          1656.5984    1239       2       3  0059+581             0.0001
58534.666958            -0.1624          1655.7161    1243       2       3  0016+731             0.0001
58534.672282             0.1805          1657.2165    1247       2       3  2355-106             0.0001
58534.674910             0.1226          1656.8792    1251       2       3  0202+319             0.0001
58534.676889             0.0345          1656.7188    1253       2       3  CTA26                0.0002
58534.684134             0.0592          1656.5484    1263       2       3  0059+581             0.0001
58534.686217            -0.1447          1655.6677    1265       2       3  0016+731             0.0001
58534.690835             0.1733          1657.0690    1272       2       3  2318+049             0.0001
58534.694308             0.1293          1656.8195    1277       2       3  0202+319             0.0001
58534.695986             0.0675          1656.7407    1278       2       3  CTA26                0.0002
58534.702305             0.0506          1656.4656    1289       2       3  0059+581             0.0001
58534.706055            -0.0797          1655.6381    1296       2       3  0016+731             0.0001
