58533.709285            -0.0571          2009.5163       1       2       3  0748+126             0.0007   145.9051
58533.711264             0.0098          2009.5228       3       2       3  1057-797             0.0002    88.4246
58533.713231             0.0333          2011.1234       6       2       3  0537-441             0.0003    97.4257
58533.737768            -0.1215          2007.8816      43       2       3  1124-186             0.0003   144.3366
58533.774261            -0.0325          2007.7140      86       2       3  1124-186             0.0002   144.3661
58533.805581            -0.0203          2007.2574     112       2       3  1124-186             0.0002   144.3914
58533.816241             0.0293          2006.1025     127       2       3  1424-418             0.0002   100.6297
58533.822294            -0.0070          2007.0062     131       2       3  1124-186             0.0002   144.4048
58533.832097             0.0460          2006.2467     140       2       3  1424-418             0.0003   100.6441
58533.841403             0.0169          2006.7318     152       2       3  1124-186             0.0002   144.4202
58533.848058             0.0601          2006.1504     161       2       3  1424-418             0.0003   100.6585
58533.859250             0.0239          2006.4751     175       2       3  1124-186             0.0003   144.4345
58533.881935             0.0922          2005.7198     210       2       3  1424-418             0.0003   100.6891
58533.882872            -0.0835          2006.3561     211       2       3  1057-797             0.0002    88.4911
58533.884157             0.1313          2005.9264     213       2       3  1243-160             0.0003   132.8250
58533.893625             0.0881          2006.1380     224       2       3  1124-186             0.0003   144.4620
58533.897224             0.1171          2005.4992     230       2       3  1424-418             0.0003   100.7028
58533.905002             0.0810          2005.7184     238       2       3  3C274                0.0007   145.7907
58533.907676             0.1337          2005.5732     240       2       3  1243-160             0.0002   132.8479
58533.913625             0.1780          2005.2723     250       2       3  1351-018             0.0003   122.9763
58533.916032             0.1322          2005.2018     252       2       3  1424-418             0.0003   100.7198
58533.916935            -0.0306          2005.8742     253       2       3  1057-797             0.0003    88.5043
58533.919643             0.1035          2006.1377     258       2       3  1124-186             0.0003   144.4828
58533.930234             0.0867          2005.5700     273       2       3  3C274                0.0007   145.8135
58533.934342             0.0307          2006.4716     278       2       3  1124-186             0.0003   144.4945
58533.935720            -0.0116          2005.6163     280       2       3  1057-797             0.0003    88.5116
58533.942375             0.1766          2004.5539     285       2       3  1510-089             0.0003   102.3005
58533.945592             0.1378          2004.7116     290       2       3  1424-418             0.0002   100.7463
58533.947826             0.1254          2005.7696     292       2       3  3C274                0.0006   145.8293
58533.949840             0.1557          2005.1055     293       2       3  1243-160             0.0003   132.8889
58533.970488             0.1463          2005.0846     322       2       3  1243-160             0.0003   132.9089
58533.972155             0.0388          2005.1758     324       2       3  1057-797             0.0003    88.5257
58533.973914             0.1874          2003.5672     327       2       3  1606+106             0.0003    92.6308
58533.981125             0.1406          2004.7378     337       2       3  1255-316             0.0002   121.2824
58533.990257             0.0941          2003.9565     348       2       3  1424-418             0.0003   100.7863
58534.002722             0.1492          2004.2611     367       2       3  1351-018             0.0003   123.0639
58534.005349             0.1492          2005.1355     372       2       3  1255-316             0.0003   121.3038
58534.009921             0.1091          2003.4930     377       2       3  1510-089             0.0002   102.3672
58534.013810             0.0785          2003.0634     383       2       3  1639-062             0.0003    81.2975
58534.025210             0.0238          2003.4360     399       2       3  1424-418             0.0003   100.8176
58534.026866             0.0647          2002.9830     401       2       3  1606+106             0.0003    92.6761
58534.037143            -0.0009          2001.8735     419       2       3  1749+096             0.0002    67.8923
58534.050708            -0.0699          2002.1133     438       2       3  1741-038             0.0002    66.6062
58534.053046            -0.0239          2001.3275     440       2       3  1954-388             0.0002    40.5305
58534.056217            -0.0705          2002.2890     443       2       3  1639-062             0.0002    81.3381
58534.058266            -0.0631          2001.8662     444       2       3  1749+096             0.0002    67.9093
58534.072930            -0.0695          2002.0519     463       2       3  1639-062             0.0002    81.3540
58534.074921            -0.0749          2001.6921     466       2       3  1749+096             0.0002    67.9226
58534.083764            -0.1577          2001.1993     479       2       3  1954-388             0.0002    40.5576
58534.086426             0.0953          2004.1827     482       2       3  1057-797             0.0002    88.5700
58534.091310            -0.0765          2001.4865     488       2       3  1749+096             0.0002    67.9358
58534.096426            -0.1380          2001.3931     493       2       3  1741-038             0.0003    66.6485
58534.103579            -0.1952          2000.9087     504       2       3  1954-388             0.0002    40.5750
58534.108787            -0.1050          2001.2320     510       2       3  1749+096             0.0002    67.9497
58534.125280            -0.1246          2001.0159     531       2       3  1749+096             0.0002    67.9630
58534.129805            -0.2595          2000.4365     536       2       3  1954-388             0.0003    40.5981
58534.139366            -0.1941          2000.7861     547       2       3  1741-038             0.0003    66.6882
58534.141055            -0.0298          2001.3982     548       2       3  1806+456             0.0004    78.7521
58534.143104            -0.1606          2000.8202     551       2       3  1749+096             0.0002    67.9772
58534.144481            -0.0632          2002.1342     552       2       3  1639-062             0.0004    81.4224
58534.147919            -0.2902          2000.1059     557       2       3  1954-388             0.0003    40.6141
58534.153660            -0.2478          2000.5070     564       2       3  1758-651             0.0003    68.4020
58534.159516            -0.1470          2000.8002     572       2       3  1749+096             0.0002    67.9903
58534.163590            -0.1836          2000.6861     579       2       3  1741-038             0.0002    66.7105
58534.176680            -0.1490          2001.0879     594       2       3  1749+096             0.0002    68.0041
58534.183822            -0.1808          2001.0831     604       2       3  1741-038             0.0002    66.7292
58534.197722            -0.2726          2000.0044     621       2       3  1759-396             0.0003    61.7315
58534.215963            -0.3004          2000.1432     643       2       3  1759-396             0.0003    61.7488
58534.243891            -0.2174          1998.9099     678       2       3  1936-155             0.0003    37.3963
58534.271391            -0.2249          1999.2807     718       2       3  1936-155             0.0004    37.4233
58534.296055            -0.0801          1997.7673     755       2       3  2141+175             0.0006    29.6872
58534.307329            -0.0533          1996.9279     767       2       3  0131-522             0.0006    57.4047
58534.310928             0.0137          1996.9699     772       2       3  2355-106             0.0003    25.9494
58534.329169             0.0504          1996.7364     800       2       3  2355-106             0.0003    25.9324
58534.334296            -0.0862          1997.9725     809       2       3  1057-797             0.0003    88.6668
58534.363903             0.1404          1996.2947     852       2       3  2355-106             0.0003    25.9001
58534.380500             0.1987          1996.1160     873       2       3  2355-106             0.0003    25.8846
58534.400361            -0.0122          1996.1013     904       2       3  1057-797             0.0003    88.6927
58534.423937             0.1135          1994.5337     936       2       3  0202+319             0.0004    70.2625
58534.429296             0.0477          1995.3919     943       2       3  1057-797             0.0002    88.7041
58534.431460             0.2382          1995.7987     945       2       3  2355-106             0.0002    25.8368
58534.436472             0.2271          1995.0298     951       2       3  0131-522             0.0003    57.3753
58534.439400             0.2251          1994.8261     955       2       3  0308-611             0.0003    72.7316
58534.441449             0.1147          1994.5641     957       2       3  0202+319             0.0003    70.2458
58534.448428             0.2507          1996.2367     964       2       3  2355-106             0.0002    25.8208
58534.456055             0.0831          1994.7530     973       2       3  1057-797             0.0003    88.7146
58534.457329             0.2377          1994.7131     975       2       3  0131-522             0.0003    57.3704
58534.463405             0.1506          1994.5338     981       2       3  0202+319             0.0003    70.2248
58534.473116             0.2347          1994.4835     994       2       3  0131-522             0.0003    57.3668
58534.476576             0.0631          1994.2373     998       2       3  1057-797             0.0002    88.7227
58534.478185             0.2104          1994.1278    1000       2       3  0308-611             0.0003    72.7258
58534.480801             0.1527          1994.5712    1003       2       3  0202+319             0.0003    70.2081
58534.497502             0.2036          1994.1659    1024       2       3  0131-522             0.0003    57.3611
58534.500153             0.0821          1994.9494    1026       2       3  0202+319             0.0003    70.1896
58534.511773            -0.0273          1993.3333    1038       2       3  1057-797             0.0003    88.7365
58534.524377             0.1422          1993.2946    1055       2       3  0308-611             0.0003    72.7189
58534.525893            -0.0200          1993.0254    1058       2       3  1057-797             0.0003    88.7420
58534.530685             0.0461          1992.6272    1064       2       3  NRAO190              0.0008    97.1191
58534.532502             0.0976          1993.9771    1067       2       3  0131-522             0.0004    57.3529
58534.544134             0.1044          1992.9642    1083       2       3  0308-611             0.0003    72.7159
58534.545766            -0.0220          1992.5889    1085       2       3  1057-797             0.0002    88.7498
58534.547653            -0.0118          1992.3228    1087       2       3  NRAO190              0.0008    97.1032
58534.549875            -0.0004          1994.2791    1089       2       3  0131-522             0.0003    57.3488
58534.565430            -0.0266          1992.0551    1107       2       3  NRAO190              0.0005    97.0864
58534.567954             0.0362          1992.5964    1109       2       3  0308-611             0.0003    72.7122
58534.570129            -0.1038          1991.9870    1112       2       3  1057-797             0.0002    88.7594
58534.583393            -0.0397          1991.8116    1131       2       3  NRAO190              0.0006    97.0694
58534.604007            -0.0344          1992.3088    1164       2       3  0308-611             0.0003    72.7067
58534.620812            -0.1074          1990.6468    1186       2       3  0700-197             0.0003   123.7865
58534.623347            -0.1605          1991.5131    1187       2       3  NRAO190              0.0008    97.0316
58534.628706            -0.0638          1990.8574    1195       2       3  0537-286             0.0004   102.9960
58534.635604            -0.2100          1989.8704    1202       2       3  0748+126             0.0005   145.0036
58534.642421            -0.2461          1991.2625    1210       2       3  0552+398             0.0003   116.4524
58534.646530            -0.0450          1990.4799    1215       2       3  1057-797             0.0002    88.7892
58534.653648            -0.1345          1989.8219    1223       2       3  0748+126             0.0005   144.9857
58534.664794            -0.1412          1989.9127    1240       2       3  0700-197             0.0003   123.7599
58534.666680            -0.1525          1990.3901    1242       2       3  0537-286             0.0003   102.9730
58534.708509            -0.1861          1989.1208    1299       2       3  0748+126             0.0006   144.9314
