58533.709285             0.0840         43211.4882       1       2       3  0748+126             0.0002
58533.717467             0.0723         43211.1904      16       2       3  0016+731             0.0002
58533.725326             0.1199         43211.0182      24       2       3  0202+319             0.0002
58533.729157             0.1180         43210.9128      29       2       3  CTA26                0.0002
58533.735697             0.1039         43210.7419      42       2       3  0552+398             0.0002
58533.740326             0.0563         43210.5886      45       2       3  1053+815             0.0002
58533.743544             0.1118         43210.5277      49       2       3  0202+319             0.0002
58533.745650             0.0901         43210.4527      52       2       3  0059+581             0.0002
58533.755835             0.0620         43210.1596      66       2       3  0602+673             0.0003
58533.824215             0.0383         43208.3365     132       2       3  0202+319             0.0002
58533.827132            -0.0142         43208.2135     134       2       3  OJ287                0.0002
58533.829180             0.0072         43208.1718     136       2       3  0748+126             0.0002
58533.830581             0.0160         43208.1178     138       2       3  0552+398             0.0002
58533.831854             0.0468         43208.1345     139       2       3  0322+222             0.0002
58533.838046            -0.0343         43208.0361     150       2       3  3C274                0.0002
58533.843497            -0.0272         43207.7608     155       2       3  OJ287                0.0002
58533.844771            -0.0082         43207.7394     156       2       3  0748+126             0.0002
58533.846495             0.0046         43207.6838     158       2       3  0552+398             0.0002
58533.847919             0.0126         43207.6591     160       2       3  0415+398             0.0003
58533.857329            -0.0528         43207.4090     171       2       3  3C371                0.0002
58533.863382            -0.0209         43207.2421     181       2       3  0016+731             0.0002
58533.867190             0.0055         43207.1365     185       2       3  0552+398             0.0002
58533.868590            -0.0161         43207.0964     188       2       3  0748+126             0.0002
58533.871541             0.0125         43207.0379     192       2       3  0415+398             0.0003
58533.879747            -0.0600         43206.8345     208       2       3  3C274                0.0002
58533.882919             0.0227         43206.8070     212       2       3  0202+319             0.0002
58533.888729            -0.0250         43206.5523     218       2       3  0748+126             0.0002
58533.890048            -0.0454         43206.4973     220       2       3  OJ287                0.0002
58533.891067            -0.0580         43206.4740     221       2       3  1040+244             0.0002
58533.895986            -0.0581         43206.3267     228       2       3  1053+815             0.0002
58533.900210             0.0077         43206.3540     234       2       3  0202+319             0.0002
58533.905002            -0.0685         43206.1362     238       2       3  3C274                0.0002
58533.907768            -0.0062         43206.1066     241       2       3  0059+581             0.0002
58533.909551            -0.0335         43205.9898     243       2       3  OJ287                0.0002
58533.910754            -0.0370         43205.9570     246       2       3  0748+126             0.0002
58533.912444            -0.0274         43205.9105     248       2       3  0552+398             0.0002
58533.913579            -0.0340         43205.9088     249       2       3  0016+731             0.0002
58533.917560            -0.0564         43205.7553     254       2       3  1053+815             0.0002
58533.921379             0.0046         43205.8238     261       2       3  0202+319             0.0002
58533.925465            -0.0741         43205.5266     267       2       3  OJ287                0.0002
58533.926819            -0.0693         43205.5006     270       2       3  0748+126             0.0002
58533.928393            -0.0437         43205.4757     272       2       3  0552+398             0.0002
58533.930234            -0.0756         43205.4466     273       2       3  3C274                0.0002
58533.935176            -0.0504         43205.2939     279       2       3  1053+815             0.0002
58533.941160            -0.0669         43205.1180     284       2       3  OJ287                0.0002
58533.942421            -0.0183         43205.1955     286       2       3  0059+581             0.0002
58533.943752            -0.0577         43205.0666     287       2       3  0748+126             0.0002
58533.945650            -0.0405         43205.0273     291       2       3  0552+398             0.0002
58533.947826            -0.0841         43204.9646     292       2       3  3C274                0.0002
58533.950859            -0.0315         43205.0879     294       2       3  0202+319             0.0002
58533.957930            -0.0421         43204.7702     305       2       3  0059+581             0.0002
58533.959238            -0.0737         43204.6328     307       2       3  1053+815             0.0002
58533.961981            -0.0409         43204.6304     312       2       3  0016+731             0.0002
58533.966113            -0.0683         43204.4577     317       2       3  OJ287                0.0002
58533.967456            -0.0647         43204.4381     319       2       3  0748+126             0.0002
58533.969030            -0.0459         43204.4122     321       2       3  0552+398             0.0002
58533.972178            -0.0900         43204.5895     325       2       3  0202+319             0.0002
58533.978127            -0.0776         43204.2847     333       2       3  1954+513             0.0002
58533.979759            -0.0907         43204.0726     335       2       3  1053+815             0.0002
58533.983544            -0.0735         43203.9940     338       2       3  OJ287                0.0002
58533.984794            -0.0619         43203.9884     340       2       3  0748+126             0.0002
58533.990685            -0.0447         43203.9210     349       2       3  0059+581             0.0002
58533.999065            -0.0695         43203.5909     361       2       3  OJ287                0.0002
58534.000129            -0.0754         43203.5761     365       2       3  0748+126             0.0002
58534.001819            -0.0846         43203.4958     366       2       3  1053+815             0.0002
58534.006646            -0.0516         43203.5019     373       2       3  0059+581             0.0002
58534.015558            -0.0593         43203.1698     385       2       3  OJ287                0.0002
58534.016761            -0.0681         43203.1528     388       2       3  0748+126             0.0002
58534.019991            -0.0702         43203.0423     393       2       3  1351-018             0.0002
58534.026021            -0.0404         43203.0123     400       2       3  0059+581             0.0002
58534.031819            -0.0472         43202.7581     410       2       3  OJ287                0.0002
58534.033058            -0.0538         43202.7474     413       2       3  0748+126             0.0002
58534.037143            -0.0814         43202.9353     419       2       3  1749+096             0.0002
58534.042780            -0.0268         43202.5922     425       2       3  0059+581             0.0002
58534.048081            -0.0337         43202.3782     435       2       3  0016+731             0.0002
58534.052653            -0.0430         43202.2569     439       2       3  0748+126             0.0002
58534.055604            -0.0194         43202.2902     442       2       3  0415+398             0.0002
58534.058266            -0.0239         43202.2673     444       2       3  1749+096             0.0002
58534.062178            -0.0396         43202.0762     449       2       3  0059+581             0.0002
58534.064574            -0.0360         43201.9203     453       2       3  OJ287                0.0002
58534.070592            -0.0193         43201.8064     461       2       3  1806+456             0.0002
58534.081669            -0.0179         43201.4981     477       2       3  OJ287                0.0002
58534.086379            -0.0125         43201.3942     481       2       3  0016+731             0.0002
58534.091310            -0.0161         43201.3269     488       2       3  1749+096             0.0002
58534.096715            -0.0337         43201.1816     494       2       3  0059+581             0.0002
58534.098613            -0.0096         43201.0723     497       2       3  OJ287                0.0002
58534.099771            -0.0248         43201.0995     499       2       3  0748+126             0.0002
58534.101738             0.0025         43201.0699     502       2       3  0552+398             0.0002
58534.103359             0.0062         43200.9305     503       2       3  3C274                0.0002
58534.108787            -0.0022         43200.8617     510       2       3  1749+096             0.0002
58534.115176            -0.0152         43200.7161     519       2       3  0059+581             0.0002
58534.116472            -0.0038         43200.6132     520       2       3  0016+731             0.0002
58534.120650             0.0060         43200.5194     525       2       3  0714+457             0.0003
58534.125280             0.0017         43200.4191     531       2       3  1749+096             0.0002
58534.127201             0.0108         43200.3672     533       2       3  OJ287                0.0002
58534.128243             0.0034         43200.4799     535       2       3  0748+126             0.0002
58534.132028            -0.0187         43200.2691     538       2       3  0059+581             0.0002
58534.134481             0.0024         43200.1468     541       2       3  0016+731             0.0002
58534.141252             0.0063         43200.1193     549       2       3  0552+398             0.0002
58534.143104             0.0286         43199.9674     551       2       3  1749+096             0.0002
58534.147977             0.0302         43199.8677     558       2       3  OJ287                0.0002
58534.149771             0.0042         43199.8237     559       2       3  0059+581             0.0002
58534.153173             0.0295         43199.6835     563       2       3  0016+731             0.0002
58534.159516             0.0399         43199.5403     572       2       3  1749+096             0.0002
58534.165697             0.0427         43199.3239     581       2       3  3C371                0.0002
58534.167514            -0.0035         43199.3467     582       2       3  0059+581             0.0002
58534.171287             0.0468         43199.1830     586       2       3  1053+815             0.0002
58534.174956            -0.0019         43199.3785     590       2       3  0552+398             0.0002
58534.176680             0.0661         43199.1099     594       2       3  1749+096             0.0002
58534.185037             0.0136         43198.8998     606       2       3  0059+581             0.0002
58534.188694             0.0379         43198.9088     610       2       3  OJ287                0.0002
58534.197201             0.0673         43198.5295     620       2       3  1053+815             0.0002
58534.200419             0.0497         43198.4651     624       2       3  0016+731             0.0002
58534.210268             0.0677         43198.5259     639       2       3  OJ287                0.0002
58534.212641             0.0769         43198.1692     641       2       3  1749+096             0.0002
58534.214539             0.0706         43198.0829     642       2       3  1053+815             0.0002
58534.218579             0.0168         43198.0144     645       2       3  0059+581             0.0002
58534.230280             0.1095         43197.7189     661       2       3  1226+373             0.0003
58534.232456             0.1167         43197.6874     666       2       3  1749+096             0.0002
58534.234215             0.1071         43197.6540     668       2       3  3C274                0.0002
58534.236206             0.0342         43197.5652     670       2       3  0059+581             0.0002
58534.246160             0.0293         43197.2937     681       2       3  2309+454             0.0002
58534.252132             0.1269         43197.1814     692       2       3  1749+096             0.0002
58534.254562             0.0332         43197.0788     695       2       3  0059+581             0.0002
58534.266842             0.0631         43196.7405     712       2       3  0016+731             0.0002
58534.272664             0.0322         43196.5998     719       2       3  0059+581             0.0002
58534.279331             0.0639         43196.7066     727       2       3  2318+049             0.0002
58534.283683             0.1313         43196.3616     733       2       3  1749+096             0.0002
58534.288845             0.0748         43196.1779     742       2       3  0016+731             0.0002
58534.397525             0.0146         43193.3516     899       2       3  0602+673             0.0003
58534.405037             0.0250         43193.5731     910       2       3  0552+398             0.0002
58534.408301             0.0175         43193.0154     914       2       3  0016+731             0.0002
58534.413069             0.0360         43192.8976     921       2       3  3C371                0.0002
58534.415060             0.0161         43192.8355     924       2       3  2214+350             0.0002
58534.418185            -0.0140         43192.7475     929       2       3  2250+194             0.0002
58534.420558            -0.0021         43192.6875     933       2       3  2141+175             0.0002
58534.422236             0.0324         43192.7008     935       2       3  1749+096             0.0002
58534.423937            -0.0589         43192.5999     936       2       3  0202+319             0.0002
58534.433324            -0.0394         43192.3454     947       2       3  2318+049             0.0002
58534.436379            -0.0138         43192.2660     950       2       3  0059+581             0.0002
58534.437710             0.0005         43192.2632     953       2       3  1053+815             0.0002
58534.441449            -0.0488         43192.1470     957       2       3  0202+319             0.0002
58534.443856            -0.0048         43192.3085     958       2       3  0552+398             0.0002
58534.445442            -0.0161         43192.0213     960       2       3  0016+731             0.0002
58534.451912             0.0230         43191.9438     967       2       3  1749+096             0.0002
58534.455616            -0.0269         43191.7533     972       2       3  0059+581             0.0002
58534.456958             0.0016         43191.7706     974       2       3  1053+815             0.0002
58534.463405            -0.0480         43191.5699     981       2       3  0202+319             0.0002
58534.467988             0.0098         43191.5294     985       2       3  1749+096             0.0002
58534.471889            -0.0293         43191.3290     991       2       3  0059+581             0.0002
58534.472872            -0.0150         43191.3147     993       2       3  0016+731             0.0002
58534.477062            -0.0021         43191.2513     999       2       3  1053+815             0.0002
58534.482456            -0.0189         43191.2107    1004       2       3  0552+398             0.0002
58534.484551            -0.0377         43191.0157    1006       2       3  2318+049             0.0002
58534.492745            -0.0367         43190.7817    1016       2       3  0059+581             0.0002
58534.493741            -0.0199         43190.7722    1018       2       3  0016+731             0.0002
58534.500153            -0.0469         43190.6090    1026       2       3  0202+319             0.0002
58534.502433            -0.0431         43190.6448    1028       2       3  0552+398             0.0002
58534.510048            -0.0511         43190.3202    1036       2       3  0059+581             0.0002
58534.511310            -0.0485         43190.2917    1037       2       3  0016+731             0.0002
58534.515916            -0.0454         43190.1995    1043       2       3  0202+319             0.0002
58534.518254            -0.0487         43190.1351    1045       2       3  2318+049             0.0002
58534.523266            -0.0492         43190.0809    1054       2       3  0552+398             0.0002
58534.526981            -0.0338         43189.9393    1059       2       3  1053+815             0.0002
58534.530697            -0.0346         43189.8041    1065       2       3  0059+581             0.0002
58534.531842            -0.0262         43189.7863    1066       2       3  0016+731             0.0002
58534.542190            -0.0492         43189.5130    1080       2       3  0202+319             0.0002
58534.544701            -0.0173         43189.5012    1084       2       3  1053+815             0.0002
58534.548775            -0.0219         43189.3513    1088       2       3  0059+581             0.0002
58534.550546            -0.0230         43189.3096    1090       2       3  0016+731             0.0002
58534.555407            -0.0279         43189.2200    1095       2       3  0322+222             0.0002
58534.556935            -0.0342         43189.2038    1096       2       3  0552+398             0.0002
58534.562618             0.0064         43189.3390    1104       2       3  0743+277             0.0002
58534.564782            -0.0458         43188.9313    1106       2       3  0202+319             0.0002
58534.566715            -0.0339         43188.9053    1108       2       3  1954+513             0.0002
58534.570037            -0.0235         43188.8035    1111       2       3  0059+581             0.0002
58534.571819            -0.0491         43188.7504    1113       2       3  CTA26                0.0002
58534.585870            -0.0148         43188.4179    1134       2       3  0202+319             0.0002
58534.590234            -0.0505         43188.2789    1140       2       3  CTA26                0.0002
58534.595673            -0.0366         43188.1697    1149       2       3  2318+049             0.0002
58534.600569            -0.0085         43188.0358    1157       2       3  0059+581             0.0002
58534.605477            -0.0047         43188.0143    1167       2       3  1806+456             0.0002
58534.608440             0.0019         43187.8539    1170       2       3  0202+319             0.0002
58534.610639            -0.0080         43187.7863    1172       2       3  0016+731             0.0002
58534.627213            -0.0460         43187.3358    1193       2       3  CTA26                0.0002
58534.636854             0.0085         43187.4272    1203       2       3  OJ287                0.0002
58534.638231            -0.0182         43187.0702    1204       2       3  0202+319             0.0002
58534.642421             0.0075         43187.0091    1210       2       3  0552+398             0.0002
58534.645210            -0.0056         43187.0407    1213       2       3  1806+456             0.0002
58534.653648             0.0098         43186.8266    1223       2       3  0748+126             0.0002
58534.654910             0.0096         43186.8605    1224       2       3  OJ287                0.0002
58534.656646             0.0139         43186.6320    1226       2       3  0202+319             0.0002
58534.660569             0.0154         43186.5411    1234       2       3  0322+222             0.0002
58534.666958            -0.0043         43186.3531    1243       2       3  0016+731             0.0002
58534.670754            -0.0125         43186.3848    1245       2       3  OJ287                0.0002
58534.674910             0.0181         43186.1710    1251       2       3  0202+319             0.0002
58534.682051            -0.0211         43186.1440    1260       2       3  1806+456             0.0002
58534.684134             0.0123         43185.9260    1263       2       3  0059+581             0.0002
58534.686217            -0.0035         43185.8636    1265       2       3  0016+731             0.0002
58534.690835            -0.0614         43185.7621    1272       2       3  2318+049             0.0002
58534.694308             0.0145         43185.6747    1277       2       3  0202+319             0.0002
58534.698613            -0.0229         43185.5446    1284       2       3  1053+815             0.0003
58534.702305             0.0119         43185.4644    1289       2       3  0059+581             0.0002
58534.706055            -0.0021         43185.3603    1296       2       3  0016+731             0.0002
