58533.709285             0.0219         37034.5431       1       3       2  0748+126             0.0002
58533.711750             0.0006         37034.3991       4       3       2  3C371                0.0002
58533.713764             0.0138         37034.3355       8       3       2  0954+658             0.0002
58533.719076             0.0081         37034.2183      17       3       2  1806+456             0.0002
58533.725326             0.0492         37033.9231      24       3       2  0202+319             0.0002
58533.727548             0.0496         37033.8451      27       3       2  0322+222             0.0002
58533.729157             0.0403         37033.7720      29       3       2  CTA26                0.0002
58533.735697             0.0351         37033.5323      42       3       2  0552+398             0.0002
58533.738046             0.0073         37033.4578      44       3       2  1954+513             0.0002
58533.740326             0.0115         37033.3422      45       3       2  1053+815             0.0003
58533.743544             0.0490         37033.2509      49       3       2  0202+319             0.0002
58533.745650             0.0330         37033.1549      52       3       2  0059+581             0.0002
58533.747329             0.0496         37033.1140      53       3       2  0322+222             0.0002
58533.749620             0.0451         37033.0260      56       3       2  NRAO190              0.0002
58533.751889             0.0319         37032.9284      58       3       2  0552+398             0.0002
58533.753289             0.0679         37032.9219      61       3       2  0109+224             0.0003
58533.761322             0.0449         37032.5898      73       3       2  CTA26                0.0002
58533.768208             0.0307         37032.3226      80       3       2  0552+398             0.0002
58533.769724             0.0424         37032.2805      82       3       2  0322+222             0.0002
58533.771449             0.0403         37032.2147      84       3       2  0202+319             0.0002
58533.773254             0.0364         37032.1599      85       3       2  0109+224             0.0003
58533.777004             0.0197         37032.0097      87       3       2  0748+126             0.0002
58533.779157             0.0168         37031.9052      88       3       2  CTA26                0.0002
58533.780928             0.0113         37031.8624      90       3       2  OJ287                0.0002
58533.782398             0.0073         37031.7753      92       3       2  0059+581             0.0002
58533.784041             0.0267         37031.7373      93       3       2  0322+222             0.0002
58533.786866             0.0089         37031.6390      96       3       2  0215+015             0.0002
58533.796669            -0.0014         37031.2371     103       3       2  0552+398             0.0002
58533.798532             0.0066         37031.1836     104       3       2  CTA26                0.0002
58533.800535             0.0150         37031.1190     107       3       2  0322+222             0.0002
58533.802259             0.0210         37031.0643     109       3       2  0202+319             0.0002
58533.804076             0.0260         37031.0272     111       3       2  0109+224             0.0003
58533.805766            -0.0040         37030.9044     113       3       2  0059+581             0.0002
58533.807444            -0.0389         37031.1912     115       3       2  2113+293             0.0003
58533.809921            -0.0039         37030.8182     119       3       2  2319+317             0.0003
58533.812780            -0.0351         37030.7602     123       3       2  1806+456             0.0002
58533.818150            -0.0144         37030.6364     128       3       2  3C274                0.0002
58533.822236            -0.0117         37030.2915     130       3       2  0059+581             0.0002
58533.824215            -0.0013         37030.2383     132       3       2  0202+319             0.0002
58533.827132            -0.0291         37030.1041     134       3       2  OJ287                0.0002
58533.829180            -0.0094         37030.0447     136       3       2  0748+126             0.0002
58533.830581            -0.0113         37029.9744     138       3       2  0552+398             0.0002
58533.831854             0.0105         37029.9656     139       3       2  0322+222             0.0002
58533.838046            -0.0310         37029.8152     150       3       2  3C274                0.0002
58533.841484            -0.0295         37029.5849     153       3       2  3C371                0.0002
58533.843497            -0.0181         37029.5084     155       3       2  OJ287                0.0002
58533.844771            -0.0128         37029.4647     156       3       2  0748+126             0.0002
58533.846495            -0.0000         37029.3986     158       3       2  0552+398             0.0002
58533.847919            -0.0013         37029.3481     160       3       2  0415+398             0.0003
58533.850037            -0.0146         37029.2771     164       3       2  0912+029             0.0003
58533.855604            -0.0048         37029.2005     169       3       2  1806+456             0.0002
58533.859065            -0.0019         37029.0275     174       3       2  1954+513             0.0002
58533.861356            -0.0290         37028.8246     178       3       2  0954+658             0.0003
58533.863382            -0.0108         37028.7772     181       3       2  0016+731             0.0002
58533.865743            -0.0089         37028.6943     183       3       2  OJ287                0.0002
58533.867190            -0.0071         37028.6292     185       3       2  0552+398             0.0002
58533.868590            -0.0086         37028.5894     188       3       2  0748+126             0.0002
58533.870048             0.0242         37028.5850     191       3       2  0322+222             0.0002
58533.871541             0.0006         37028.4825     192       3       2  0415+398             0.0003
58533.873926            -0.0210         37028.3964     197       3       2  3C371                0.0002
58533.882919             0.0260         37028.1298     212       3       2  0202+319             0.0002
58533.884840             0.0270         37028.2436     214       3       2  2319+317             0.0003
58533.888729            -0.0068         37027.8490     218       3       2  0748+126             0.0002
58533.890048            -0.0247         37027.7806     220       3       2  OJ287                0.0002
58533.891067            -0.0193         37027.7562     221       3       2  1040+244             0.0002
58533.893984            -0.0118         37027.6655     225       3       2  3C371                0.0002
58533.895986            -0.0300         37027.5484     228       3       2  1053+815             0.0003
58533.900210             0.0228         37027.5025     234       3       2  0202+319             0.0002
58533.907768            -0.0069         37027.1621     241       3       2  0059+581             0.0002
58533.909551            -0.0259         37027.0601     243       3       2  OJ287                0.0002
58533.910754            -0.0253         37027.0203     246       3       2  0748+126             0.0002
58533.912444            -0.0242         37026.9490     248       3       2  0552+398             0.0002
58533.913579            -0.0271         37026.9164     249       3       2  0016+731             0.0002
58533.917560            -0.0462         37026.7369     254       3       2  1053+815             0.0003
58533.921379             0.0203         37026.7407     261       3       2  0202+319             0.0002
58533.925465            -0.0423         37026.4577     267       3       2  OJ287                0.0002
58533.926819            -0.0407         37026.4151     270       3       2  0748+126             0.0002
58533.928393            -0.0273         37026.3611     272       3       2  0552+398             0.0002
58533.932722            -0.0481         37026.1875     275       3       2  1040+244             0.0002
58533.935176            -0.0458         37026.0883     279       3       2  1053+815             0.0002
58533.939447            -0.0279         37025.9723     283       3       2  3C371                0.0002
58533.942421             0.0003         37025.9032     286       3       2  0059+581             0.0002
58533.943752            -0.0344         37025.8008     287       3       2  0748+126             0.0002
58533.945650            -0.0239         37025.7327     291       3       2  0552+398             0.0002
58533.953474             0.0041         37025.5698     297       3       2  0322+222             0.0003
58533.957930            -0.0227         37025.3143     305       3       2  0059+581             0.0002
58533.959238            -0.0531         37025.1953     307       3       2  1053+815             0.0003
58533.961981            -0.0239         37025.1435     312       3       2  0016+731             0.0002
58533.964771            -0.0471         37025.0280     314       3       2  3C274                0.0002
58533.966113            -0.0451         37024.9615     317       3       2  OJ287                0.0002
58533.967456            -0.0460         37024.9223     319       3       2  0748+126             0.0002
58533.969030            -0.0379         37024.8643     321       3       2  0552+398             0.0002
58533.970720            -0.0005         37024.9701     323       3       2  2309+454             0.0003
58533.972178             0.0100         37024.9430     325       3       2  0202+319             0.0002
58533.974470             0.0006         37024.8392     328       3       2  0322+222             0.0002
58533.976785            -0.0541         37024.5698     331       3       2  3C371                0.0002
58533.979759            -0.0658         37024.4280     335       3       2  1053+815             0.0003
58533.983544            -0.0594         37024.3085     338       3       2  OJ287                0.0002
58533.984794            -0.0342         37024.3018     340       3       2  0748+126             0.0002
58533.986565            -0.0149         37024.2945     343       3       2  1806+456             0.0003
58533.990685            -0.0288         37024.1135     349       3       2  0059+581             0.0002
58533.991970            -0.0069         37024.1935     352       3       2  2309+454             0.0003
58533.993694            -0.0131         37024.1904     357       3       2  0202+319             0.0002
58533.997282            -0.0440         37023.8292     360       3       2  0016+731             0.0002
58533.999065            -0.0492         37023.7509     361       3       2  OJ287                0.0002
58534.000129            -0.0450         37023.7330     365       3       2  0748+126             0.0002
58534.001819            -0.0614         37023.6219     366       3       2  1053+815             0.0003
58534.006646            -0.0145         37023.5459     373       3       2  0059+581             0.0002
58534.015558            -0.0516         37023.1462     385       3       2  OJ287                0.0002
58534.016761            -0.0574         37023.1171     388       3       2  0748+126             0.0002
58534.018289            -0.0563         37023.0526     391       3       2  0912+029             0.0003
58534.022282            -0.0215         37022.9848     396       3       2  1639+230             0.0002
58534.026021            -0.0218         37022.8323     400       3       2  0059+581             0.0002
58534.027560            -0.0325         37022.7219     403       3       2  3C371                0.0002
58534.029609             0.0091         37022.8342     406       3       2  2309+454             0.0003
58534.031819            -0.0348         37022.5701     410       3       2  OJ287                0.0002
58534.033058            -0.0290         37022.5562     413       3       2  0748+126             0.0002
58534.034724            -0.0063         37022.9214     414       3       2  0202+319             0.0002
58534.037143             0.0107         37022.7073     419       3       2  1749+096             0.0002
58534.039655            -0.0192         37022.3200     421       3       2  1806+456             0.0002
58534.042780            -0.0123         37022.2307     425       3       2  0059+581             0.0002
58534.044308            -0.0361         37022.1025     427       3       2  3C371                0.0002
58534.046518             0.0113         37022.2134     432       3       2  2309+454             0.0003
58534.048081            -0.0197         37021.9930     435       3       2  0016+731             0.0002
58534.050442             0.0020         37021.9573     437       3       2  1954+513             0.0003
58534.052653            -0.0388         37021.8413     439       3       2  0748+126             0.0002
58534.053868            -0.0153         37021.8052     441       3       2  0552+398             0.0002
58534.058266             0.0127         37021.8068     444       3       2  1749+096             0.0002
58534.059724            -0.0128         37021.6085     446       3       2  1606+106             0.0002
58534.062178            -0.0133         37021.5221     449       3       2  0059+581             0.0002
58534.064574            -0.0166         37021.3980     453       3       2  OJ287                0.0002
58534.066449            -0.0139         37021.3112     456       3       2  3C371                0.0002
58534.068486             0.0043         37021.2927     459       3       2  1954+513             0.0002
58534.074921            -0.0096         37021.1267     466       3       2  1749+096             0.0002
58534.076761            -0.0058         37020.9829     468       3       2  1606+106             0.0002
58534.081669            -0.0171         37020.7786     477       3       2  OJ287                0.0002
58534.083266            -0.0181         37020.6781     478       3       2  0954+658             0.0002
58534.086379            -0.0121         37020.5990     481       3       2  0016+731             0.0002
58534.091310             0.0166         37020.5244     488       3       2  1749+096             0.0002
58534.095095            -0.0013         37020.2726     492       3       2  3C371                0.0002
58534.096715            -0.0093         37020.2651     494       3       2  0059+581             0.0002
58534.098613            -0.0072         37020.1771     497       3       2  OJ287                0.0002
58534.099771            -0.0189         37020.1938     499       3       2  0748+126             0.0002
58534.101738            -0.0050         37020.0938     502       3       2  0552+398             0.0002
58534.103359             0.0021         37019.9875     503       3       2  3C274                0.0002
58534.105106            -0.0582         37019.9233     505       3       2  0912+029             0.0003
58534.108787             0.0073         37019.8556     510       3       2  1749+096             0.0002
58534.115176            -0.0001         37019.5996     519       3       2  0059+581             0.0002
58534.116472             0.0055         37019.5161     520       3       2  0016+731             0.0002
58534.125280             0.0177         37019.2499     531       3       2  1749+096             0.0002
58534.127201             0.0048         37019.1633     533       3       2  OJ287                0.0002
58534.128243            -0.0301         37019.2233     535       3       2  0748+126             0.0002
58534.130361             0.0222         37019.0039     537       3       2  3C371                0.0002
58534.132028             0.0064         37018.9898     538       3       2  0059+581             0.0002
58534.134481             0.0077         37018.8601     541       3       2  0016+731             0.0002
58534.138567             0.0339         37018.7141     546       3       2  0954+658             0.0002
58534.141252             0.0006         37018.6921     549       3       2  0552+398             0.0002
58534.143104             0.0194         37018.5901     551       3       2  1749+096             0.0002
58534.146611            -0.0038         37018.6947     555       3       2  0748+126             0.0002
58534.147977             0.0208         37018.4405     558       3       2  OJ287                0.0002
58534.149771             0.0156         37018.3498     559       3       2  0059+581             0.0002
58534.153173             0.0259         37018.1954     563       3       2  0016+731             0.0002
58534.155662             0.0199         37018.0783     565       3       2  0954+658             0.0002
58534.158208             0.0554         37018.0293     570       3       2  1806+456             0.0003
58534.159516             0.0317         37017.9961     572       3       2  1749+096             0.0002
58534.161055             0.0007         37017.8803     573       3       2  1351-018             0.0003
58534.167514             0.0137         37017.6985     582       3       2  0059+581             0.0002
58534.171287             0.0400         37017.5265     586       3       2  1053+815             0.0003
58534.174956             0.0130         37017.5174     590       3       2  0552+398             0.0002
58534.176680             0.0598         37017.3922     594       3       2  1749+096             0.0002
58534.178301             0.0239         37017.2768     595       3       2  1351-018             0.0002
58534.180778             0.0242         37017.2464     600       3       2  2113+293             0.0002
58534.183301             0.0472         37017.0939     603       3       2  3C371                0.0002
58534.185037             0.0226         37017.0659     606       3       2  0059+581             0.0002
58534.188694             0.0169         37017.0201     610       3       2  OJ287                0.0002
58534.191125             0.0229         37016.8320     614       3       2  0920+390             0.0003
58534.197201             0.0584         37016.6022     620       3       2  1053+815             0.0003
58534.200419             0.0519         37016.4971     624       3       2  0016+731             0.0002
58534.201761             0.0276         37016.4588     625       3       2  0059+581             0.0002
58534.205558             0.0331         37016.4172     632       3       2  2319+317             0.0003
58534.210268             0.0186         37016.3103     639       3       2  OJ287                0.0002
58534.212641             0.0648         37016.0785     641       3       2  1749+096             0.0002
58534.214539             0.0601         37015.9739     642       3       2  1053+815             0.0003
58534.218579             0.0313         37015.8470     645       3       2  0059+581             0.0002
58534.221646             0.0451         37015.7318     648       3       2  0602+673             0.0003
58534.224296             0.0862         37015.6444     651       3       2  1806+456             0.0002
58534.228741             0.0349         37015.7781     658       3       2  OJ287                0.0002
58534.232456             0.0760         37015.3657     666       3       2  1749+096             0.0002
58534.234215             0.0577         37015.3097     668       3       2  3C274                0.0002
58534.236206             0.0346         37015.2055     670       3       2  0059+581             0.0002
58534.239528             0.0761         37015.0858     674       3       2  1954+513             0.0002
58534.248046             0.0234         37014.9906     685       3       2  0552+398             0.0002
58534.249805             0.0924         37014.7170     690       3       2  3C371                0.0002
58534.252132             0.0908         37014.6629     692       3       2  1749+096             0.0002
58534.254562             0.0334         37014.5332     695       3       2  0059+581             0.0002
58534.258995             0.0838         37014.3785     703       3       2  1806+456             0.0003
58534.263116             0.0502         37014.2375     708       3       2  2309+454             0.0003
58534.266842             0.0660         37014.0917     712       3       2  0016+731             0.0002
58534.268914             0.0453         37014.0228     714       3       2  2214+350             0.0003
58534.274331             0.0117         37014.0125     721       3       2  0202+319             0.0002
58534.279331             0.0926         37013.9755     727       3       2  2318+049             0.0002
58534.283683             0.0871         37013.5119     733       3       2  1749+096             0.0002
58534.285569             0.0594         37013.4265     736       3       2  2214+350             0.0003
58534.288845             0.0563         37013.2820     742       3       2  0016+731             0.0002
58534.296055             0.0607         37013.0621     755       3       2  2141+175             0.0003
58534.299215             0.0847         37012.9216     757       3       2  1954+513             0.0003
58534.300708             0.0936         37012.8709     759       3       2  3C371                0.0002
58534.303694             0.0509         37012.7550     763       3       2  2214+350             0.0003
58534.305766             0.0851         37012.7089     765       3       2  1749+096             0.0002
58534.308150             0.0707         37012.5951     768       3       2  0016+731             0.0002
58534.311194            -0.0066         37012.5553     773       3       2  0202+319             0.0003
58534.312479             0.0336         37012.4035     774       3       2  1741-038             0.0002
58534.319933            -0.0308         37012.3656     789       3       2  0552+398             0.0002
58534.323185             0.0710         37012.0643     793       3       2  1749+096             0.0002
58534.325430             0.0828         37011.9675     795       3       2  1806+456             0.0003
58534.332120             0.0195         37011.7050     806       3       2  0602+673             0.0003
58534.334632             0.0880         37011.6374     810       3       2  3C371                0.0002
58534.338312            -0.0277         37011.6817     815       3       2  0552+398             0.0002
58534.343567             0.0227         37011.2768     824       3       2  0059+581             0.0002
58534.346160            -0.0185         37011.2249     827       3       2  0202+319             0.0002
58534.348497             0.0106         37011.0789     831       3       2  1741-038             0.0002
58534.349956             0.0271         37011.0446     833       3       2  2214+350             0.0003
58534.354053            -0.0239         37010.9032     839       3       2  2318+049             0.0002
58534.361680             0.0210         37010.6165     850       3       2  0059+581             0.0002
58534.363960            -0.0428         37010.6973     853       3       2  0552+398             0.0002
58534.365951             0.0503         37010.5007     855       3       2  1749+096             0.0002
58534.368173            -0.0291         37010.3960     858       3       2  0202+319             0.0002
58534.372942             0.0182         37010.2004     864       3       2  2214+350             0.0003
58534.377074             0.0442         37010.0606     869       3       2  3C371                0.0002
58534.384296             0.0284         37009.7836     878       3       2  1954+513             0.0002
58534.388023             0.0535         37009.6843     884       3       2  1846+322             0.0004
58534.389666             0.0239         37009.6221     887       3       2  1749+096             0.0002
58534.391148             0.0416         37009.5642     889       3       2  DA426                0.0003
58534.395048             0.0054         37009.4168     895       3       2  0954+658             0.0002
58534.397525             0.0071         37009.3243     899       3       2  0602+673             0.0003
58534.400720             0.0008         37009.2378     905       3       2  1606+106             0.0002
58534.405037            -0.0646         37009.1223     910       3       2  0552+398             0.0002
58534.408301            -0.0041         37008.8917     914       3       2  0016+731             0.0002
58534.420558            -0.0131         37008.4553     933       3       2  2141+175             0.0003
58534.422236             0.0011         37008.4338     935       3       2  1749+096             0.0002
58534.423937            -0.0541         37008.3209     936       3       2  0202+319             0.0002
58534.426252            -0.0737         37008.3028     937       3       2  0322+222             0.0002
58534.433324            -0.0462         37007.9786     947       3       2  2318+049             0.0002
58534.436379            -0.0164         37007.8702     950       3       2  0059+581             0.0002
58534.437710            -0.0181         37007.8287     953       3       2  1053+815             0.0003
58534.441449            -0.0465         37007.6890     957       3       2  0202+319             0.0002
58534.443856            -0.0607         37007.6735     958       3       2  0552+398             0.0002
58534.451912            -0.0272         37007.3506     967       3       2  1749+096             0.0002
58534.454030            -0.0491         37007.2042     970       3       2  2319+317             0.0003
58534.455616            -0.0489         37007.1420     972       3       2  0059+581             0.0002
58534.456958            -0.0317         37007.1220     974       3       2  1053+815             0.0003
58534.460847            -0.0404         37006.9616     978       3       2  2214+350             0.0003
58534.463405            -0.0649         37006.8711     981       3       2  0202+319             0.0002
58534.465581            -0.0760         37006.8294     983       3       2  0322+222             0.0002
58534.467988            -0.0399         37006.7704     985       3       2  1749+096             0.0002
58534.469829            -0.0232         37006.6696     987       3       2  1846+322             0.0003
58534.471889            -0.0389         37006.5640     991       3       2  0059+581             0.0002
58534.472872            -0.0375         37006.5274     993       3       2  0016+731             0.0002
58534.477062            -0.0401         37006.3899     999       3       2  1053+815             0.0003
58534.480396            -0.0448         37006.2936    1002       3       2  0954+658             0.0002
58534.482456            -0.0635         37006.2421    1004       3       2  0552+398             0.0002
58534.492745            -0.0430         37005.8071    1016       3       2  0059+581             0.0002
58534.493741            -0.0391         37005.7739    1018       3       2  0016+731             0.0002
58534.500153            -0.0494         37005.5527    1026       3       2  0202+319             0.0002
58534.502433            -0.0617         37005.5095    1028       3       2  0552+398             0.0002
58534.510048            -0.0393         37005.1869    1036       3       2  0059+581             0.0002
58534.511310            -0.0435         37005.1369    1037       3       2  0016+731             0.0002
58534.514018            -0.0541         37005.0736    1041       3       2  0322+222             0.0002
58534.515916            -0.0379         37004.9934    1043       3       2  0202+319             0.0002
58534.518254            -0.0491         37004.9060    1045       3       2  2318+049             0.0002
58534.523266            -0.0483         37004.7600    1054       3       2  0552+398             0.0002
58534.526981            -0.0172         37004.6169    1059       3       2  1053+815             0.0003
58534.530697            -0.0347         37004.4477    1065       3       2  0059+581             0.0002
58534.531842            -0.0259         37004.4159    1066       3       2  0016+731             0.0002
58534.542190            -0.0371         37004.0447    1080       3       2  0202+319             0.0002
58534.544701            -0.0271         37003.9698    1084       3       2  1053+815             0.0003
58534.548775            -0.0299         37003.8019    1088       3       2  0059+581             0.0002
58534.550546            -0.0262         37003.7433    1090       3       2  0016+731             0.0002
58534.552699            -0.0341         37003.6874    1092       3       2  0215+015             0.0002
58534.568393            -0.0206         37003.1244    1110       3       2  3C371                0.0002
58534.571819            -0.0278         37002.9922    1113       3       2  CTA26                0.0002
58534.579169            -0.0415         37002.7097    1122       3       2  2319+317             0.0003
58534.580997            -0.0187         37002.6840    1126       3       2  2113+293             0.0002
58534.583393            -0.0338         37002.5913    1131       3       2  NRAO190              0.0002
58534.585870            -0.0194         37002.4884    1134       3       2  0202+319             0.0002
58534.587884            -0.0100         37002.4526    1136       3       2  0954+658             0.0002
58534.590234            -0.0335         37002.3250    1140       3       2  CTA26                0.0002
58534.595673            -0.0415         37002.1398    1149       3       2  2318+049             0.0002
58534.597560            -0.0177         37002.0754    1151       3       2  2319+317             0.0003
58534.599389            -0.0260         37002.0197    1155       3       2  NRAO190              0.0003
58534.602514            -0.0220         37001.9153    1162       3       2  2113+293             0.0002
58534.604296            -0.0118         37001.8486    1165       3       2  3C371                0.0002
58534.608440            -0.0197         37001.6769    1170       3       2  0202+319             0.0002
58534.610639            -0.0133         37001.5991    1172       3       2  0016+731             0.0002
58534.614481            -0.0131         37001.4736    1176       3       2  0109+224             0.0003
58534.616345             0.0368         37001.6746    1179       3       2  0748+126             0.0002
58534.617687             0.0233         37001.6864    1181       3       2  OJ287                0.0002
58534.620801            -0.0194         37001.2559    1185       3       2  0954+658             0.0002
58534.623347            -0.0101         37001.1698    1187       3       2  NRAO190              0.0002
58534.625592             0.0043         37001.0784    1190       3       2  0059+581             0.0002
58534.627213            -0.0195         37001.0107    1193       3       2  CTA26                0.0002
58534.631773            -0.0106         37000.8674    1198       3       2  3C371                0.0002
58534.633555            -0.0124         37000.8241    1201       3       2  2113+293             0.0002
58534.636854             0.0203         37000.8859    1203       3       2  OJ287                0.0002
58534.638231            -0.0149         37000.6130    1204       3       2  0202+319             0.0002
58534.640500             0.0080         37000.5607    1207       3       2  0322+222             0.0002
58534.642421             0.0072         37000.4907    1210       3       2  0552+398             0.0002
58534.647676            -0.0048         37000.3046    1216       3       2  3C371                0.0002
58534.651009             0.0108         37000.1772    1221       3       2  0415+398             0.0002
58534.653648             0.0586         37000.2325    1223       3       2  0748+126             0.0002
58534.654910             0.0493         37000.2104    1224       3       2  OJ287                0.0002
58534.656646             0.0001         36999.9687    1226       3       2  0202+319             0.0002
58534.665326            -0.0063         36999.6722    1241       3       2  3C371                0.0002
58534.666958             0.0012         36999.5960    1243       3       2  0016+731             0.0002
58534.669146             0.0262         36999.6039    1244       3       2  2318+049             0.0002
58534.670754             0.0630         36999.6236    1245       3       2  OJ287                0.0002
58534.674910             0.0196         36999.3350    1251       3       2  0202+319             0.0002
58534.677097             0.0293         36999.2691    1254       3       2  0322+222             0.0002
58534.678995             0.0253         36999.2118    1257       3       2  0215+015             0.0002
58534.684134             0.0189         36998.9983    1263       3       2  0059+581             0.0002
58534.686217             0.0184         36998.9242    1265       3       2  0016+731             0.0002
58534.687653             0.0142         36998.8948    1267       3       2  3C371                0.0002
58534.690835             0.0511         36998.8707    1272       3       2  2318+049             0.0002
58534.694308             0.0333         36998.6561    1277       3       2  0202+319             0.0002
58534.696171             0.1791         36998.9065    1279       3       2  1040+244             0.0002
58534.698613             0.0147         36998.4820    1284       3       2  1053+815             0.0003
58534.700569             0.0483         36998.4483    1287       3       2  0322+222             0.0002
58534.702305             0.0289         36998.3592    1289       3       2  0059+581             0.0002
58534.703497             0.0462         36998.3561    1292       3       2  0109+224             0.0003
58534.706055             0.0251         36998.2215    1296       3       2  0016+731             0.0002
58534.708347             0.0873         36998.3195    1298       3       2  1806+456             0.0002
