58533.709285             0.0618          6176.9448       1       3       2  0748+126             0.0002
58533.725326             0.0712          6177.0956      24       3       2  0202+319             0.0002
58533.729157             0.0788          6177.1418      29       3       2  CTA26                0.0002
58533.732537             0.1015          6177.1657      36       3       2  0055-059             0.0003
58533.734261             0.0476          6176.9556      40       3       2  0700-197             0.0003
58533.735697             0.0683          6177.2092      42       3       2  0552+398             0.0002
58533.740326             0.0489          6177.2504      45       3       2  1053+815             0.0002
58533.743544             0.0654          6177.2795      49       3       2  0202+319             0.0002
58533.745650             0.0589          6177.2995      52       3       2  0059+581             0.0002
58533.758197             0.0916          6177.3953      71       3       2  0055-059             0.0003
58533.824215             0.0412          6178.0999     132       3       2  0202+319             0.0002
58533.827132             0.0127          6178.1071     134       3       2  OJ287                0.0002
58533.829180             0.0208          6178.1312     136       3       2  0748+126             0.0002
58533.830581             0.0276          6178.1437     138       3       2  0552+398             0.0002
58533.831854             0.0361          6178.1688     139       3       2  0322+222             0.0002
58533.835882             0.0352          6178.1925     148       3       2  CTA26                0.0002
58533.838046            -0.0098          6178.2144     150       3       2  3C274                0.0002
58533.843497            -0.0032          6178.2583     155       3       2  OJ287                0.0002
58533.844771            -0.0023          6178.2679     156       3       2  0748+126             0.0002
58533.846495             0.0045          6178.2850     158       3       2  0552+398             0.0002
58533.847919             0.0007          6178.2978     160       3       2  0415+398             0.0003
58533.853023            -0.0192          6178.2449     167       3       2  0834-201             0.0002
58533.863382            -0.0123          6178.4629     181       3       2  0016+731             0.0002
58533.867190             0.0121          6178.5068     185       3       2  0552+398             0.0002
58533.868590            -0.0027          6178.5118     188       3       2  0748+126             0.0002
58533.871541             0.0063          6178.5499     192       3       2  0415+398             0.0003
58533.875801            -0.0071          6178.5993     201       3       2  0059+581             0.0002
58533.877456            -0.0320          6178.4832     205       3       2  0215+015             0.0002
58533.882919            -0.0024          6178.6781     212       3       2  0202+319             0.0002
58533.888729            -0.0170          6178.7045     218       3       2  0748+126             0.0002
58533.890048            -0.0231          6178.7143     220       3       2  OJ287                0.0002
58533.891067            -0.0415          6178.7149     221       3       2  1040+244             0.0002
58533.895986            -0.0208          6178.7856     228       3       2  1053+815             0.0002
58533.900210            -0.0094          6178.8571     234       3       2  0202+319             0.0002
58533.902699            -0.0212          6178.7710     236       3       2  CTA26                0.0002
58533.907768            -0.0061          6178.9378     241       3       2  0059+581             0.0002
58533.910754            -0.0087          6178.9397     246       3       2  0748+126             0.0002
58533.912444             0.0001          6178.9649     248       3       2  0552+398             0.0002
58533.913579            -0.0058          6178.9934     249       3       2  0016+731             0.0002
58533.917560            -0.0055          6179.0231     254       3       2  1053+815             0.0002
58533.921379            -0.0180          6179.0809     261       3       2  0202+319             0.0002
58533.925465            -0.0338          6179.0670     267       3       2  OJ287                0.0002
58533.926819            -0.0293          6179.0849     270       3       2  0748+126             0.0002
58533.928393            -0.0156          6179.1154     272       3       2  0552+398             0.0002
58533.935176            -0.0096          6179.2005     279       3       2  1053+815             0.0002
58533.942421            -0.0200          6179.2908     286       3       2  0059+581             0.0002
58533.943752            -0.0224          6179.2667     287       3       2  0748+126             0.0002
58533.945650            -0.0154          6179.2958     291       3       2  0552+398             0.0002
58533.955916            -0.0170          6179.4025     302       3       2  0556+238             0.0003
58533.957930            -0.0203          6179.4551     305       3       2  0059+581             0.0002
58533.959238            -0.0219          6179.4362     307       3       2  1053+815             0.0002
58533.961981            -0.0165          6179.4875     312       3       2  0016+731             0.0002
58533.966113            -0.0217          6179.4978     317       3       2  OJ287                0.0002
58533.967456            -0.0188          6179.5157     319       3       2  0748+126             0.0002
58533.969030            -0.0080          6179.5479     321       3       2  0552+398             0.0002
58533.972178            -0.0975          6179.6490     325       3       2  0202+319             0.0002
58533.979759            -0.0202          6179.6494     335       3       2  1053+815             0.0002
58533.983544            -0.0159          6179.6837     338       3       2  OJ287                0.0002
58533.984794            -0.0230          6179.6913     340       3       2  0748+126             0.0002
58533.988289            -0.0509          6179.7485     346       3       2  1639+230             0.0002
58533.990685            -0.0116          6179.8117     349       3       2  0059+581             0.0002
58533.999065            -0.0197          6179.8406     361       3       2  OJ287                0.0002
58534.000129            -0.0210          6179.8526     365       3       2  0748+126             0.0002
58534.001819            -0.0258          6179.8713     366       3       2  1053+815             0.0002
58534.006646            -0.0282          6179.9648     373       3       2  0059+581             0.0002
58534.009921            -0.0563          6179.7721     377       3       2  1510-089             0.0002
58534.011680            -0.0071          6179.9971     379       3       2  0552+398             0.0002
58534.015558            -0.0081          6180.0233     385       3       2  OJ287                0.0002
58534.016761            -0.0077          6180.0387     388       3       2  0748+126             0.0002
58534.026021            -0.0178          6180.1808     400       3       2  0059+581             0.0002
58534.031819            -0.0147          6180.1857     410       3       2  OJ287                0.0002
58534.033058            -0.0182          6180.1977     413       3       2  0748+126             0.0002
58534.037143            -0.0911          6180.2290     419       3       2  1749+096             0.0002
58534.042780            -0.0118          6180.3642     425       3       2  0059+581             0.0002
58534.048081            -0.0112          6180.3880     435       3       2  0016+731             0.0002
58534.052653            -0.0051          6180.4147     439       3       2  0748+126             0.0002
58534.058266            -0.0358          6180.4614     444       3       2  1749+096             0.0002
58534.062178            -0.0295          6180.5509     449       3       2  0059+581             0.0002
58534.064574            -0.0207          6180.5209     453       3       2  OJ287                0.0002
58534.072930            -0.0008          6180.5582     463       3       2  1639-062             0.0002
58534.081669            -0.0024          6180.7179     477       3       2  OJ287                0.0002
58534.086379            -0.0075          6180.7882     481       3       2  0016+731             0.0002
58534.091310            -0.0320          6180.8033     488       3       2  1749+096             0.0002
58534.096715            -0.0219          6180.9190     494       3       2  0059+581             0.0002
58534.098613            -0.0031          6180.8945     497       3       2  OJ287                0.0002
58534.099771            -0.0043          6180.9073     499       3       2  0748+126             0.0002
58534.101738             0.0035          6180.9721     502       3       2  0552+398             0.0002
58534.103359             0.0103          6180.9492     503       3       2  3C274                0.0002
58534.108787            -0.0084          6181.0072     510       3       2  1749+096             0.0002
58534.115176            -0.0155          6181.1160     519       3       2  0059+581             0.0002
58534.116472            -0.0080          6181.0984     520       3       2  0016+731             0.0002
58534.125280            -0.0158          6181.1694     531       3       2  1749+096             0.0002
58534.127201             0.0079          6181.2058     533       3       2  OJ287                0.0002
58534.128243             0.0370          6181.2601     535       3       2  0748+126             0.0002
58534.132028            -0.0270          6181.2773     538       3       2  0059+581             0.0002
58534.134481             0.0000          6181.2921     541       3       2  0016+731             0.0002
58534.141252             0.0078          6181.4292     549       3       2  0552+398             0.0002
58534.143104             0.0075          6181.3756     551       3       2  1749+096             0.0002
58534.144481             0.0019          6181.3626     552       3       2  1639-062             0.0002
58534.147977             0.0081          6181.4259     558       3       2  OJ287                0.0002
58534.149771            -0.0086          6181.4767     559       3       2  0059+581             0.0002
58534.153173             0.0057          6181.4902     563       3       2  0016+731             0.0002
58534.159516             0.0057          6181.5417     572       3       2  1749+096             0.0002
58534.162305             0.0181          6181.5077     576       3       2  1243-160             0.0002
58534.163590             0.0029          6181.5640     579       3       2  1741-038             0.0002
58534.167514            -0.0200          6181.6454     582       3       2  0059+581             0.0002
58534.171287             0.0072          6181.6569     586       3       2  1053+815             0.0002
58534.174956            -0.0171          6181.8589     590       3       2  0552+398             0.0002
58534.176680             0.0072          6181.7187     594       3       2  1749+096             0.0002
58534.185037            -0.0075          6181.8353     606       3       2  0059+581             0.0002
58534.188694             0.0213          6181.8890     610       3       2  OJ287                0.0002
58534.193289             0.0262          6181.8873     616       3       2  1510-089             0.0002
58534.195014             0.0126          6181.9113     619       3       2  1749+096             0.0002
58534.197201             0.0214          6181.9398     620       3       2  1053+815             0.0002
58534.200419             0.0025          6181.9728     624       3       2  0016+731             0.0002
58534.210268             0.0521          6182.2186     639       3       2  OJ287                0.0002
58534.212641             0.0106          6182.0893     641       3       2  1749+096             0.0002
58534.214539             0.0077          6182.1062     642       3       2  1053+815             0.0002
58534.218579            -0.0177          6182.1642     645       3       2  0059+581             0.0002
58534.227757             0.0378          6182.2559     656       3       2  1351-018             0.0003
58534.232456             0.0399          6182.3210     666       3       2  1749+096             0.0002
58534.234215             0.0438          6182.3388     668       3       2  3C274                0.0002
58534.236206             0.0026          6182.3627     670       3       2  0059+581             0.0002
58534.252132             0.0377          6182.5200     692       3       2  1749+096             0.0002
58534.254562            -0.0023          6182.5435     695       3       2  0059+581             0.0002
58534.257259             0.0391          6182.5705     701       3       2  1741-038             0.0002
58534.266842            -0.0007          6182.6511     712       3       2  0016+731             0.0002
58534.279331            -0.0208          6182.7389     727       3       2  2318+049             0.0002
58534.283683             0.0397          6182.8453     733       3       2  1749+096             0.0002
58534.287768             0.0020          6182.8843     739       3       2  0059+581             0.0002
58534.288845             0.0177          6182.8951     742       3       2  0016+731             0.0002
58534.397525             0.0239          6184.0437     899       3       2  0602+673             0.0003
58534.405037             0.0892          6184.4503     910       3       2  0552+398             0.0002
58534.408301             0.0195          6184.1216     914       3       2  0016+731             0.0002
58534.420558             0.0112          6184.2324     933       3       2  2141+175             0.0002
58534.422236             0.0302          6184.2658     935       3       2  1749+096             0.0002
58534.423937            -0.0033          6184.2805     936       3       2  0202+319             0.0002
58534.428833             0.0239          6184.3720     942       3       2  0954+658             0.0002
58534.431460             0.0323          6184.3362     945       3       2  2355-106             0.0002
58534.433324             0.0067          6184.3667     947       3       2  2318+049             0.0002
58534.436379             0.0038          6184.3971     950       3       2  0059+581             0.0002
58534.437710             0.0107          6184.4267     953       3       2  1053+815             0.0002
58534.441449            -0.0043          6184.4560     957       3       2  0202+319             0.0002
58534.443856             0.0572          6184.6363     958       3       2  0552+398             0.0002
58534.448428             0.0213          6184.5091     964       3       2  2355-106             0.0002
58534.451912             0.0508          6184.5938     967       3       2  1749+096             0.0002
58534.455616             0.0238          6184.6132     972       3       2  0059+581             0.0002
58534.456958             0.0302          6184.6455     974       3       2  1053+815             0.0002
58534.463405             0.0157          6184.6977     981       3       2  0202+319             0.0002
58534.467988             0.0505          6184.7598     985       3       2  1749+096             0.0002
58534.471889             0.0107          6184.7660     991       3       2  0059+581             0.0002
58534.472872             0.0256          6184.7904     993       3       2  0016+731             0.0002
58534.477062             0.0269          6184.8502     999       3       2  1053+815             0.0002
58534.482456             0.0440          6184.9681    1004       3       2  0552+398             0.0002
58534.486356             0.0309          6184.9182    1008       3       2  2355-106             0.0002
58534.489562             0.1602          6184.9906    1012       3       2  CTA26                0.0002
58534.492745             0.0041          6184.9724    1016       3       2  0059+581             0.0002
58534.493741             0.0143          6184.9934    1018       3       2  0016+731             0.0002
58534.500153            -0.0000          6185.0538    1026       3       2  0202+319             0.0002
58534.502433             0.0177          6185.1345    1028       3       2  0552+398             0.0002
58534.506923             0.0951          6185.1609    1032       3       2  CTA26                0.0002
58534.510048            -0.0082          6185.1370    1036       3       2  0059+581             0.0002
58534.511310            -0.0046          6185.1551    1037       3       2  0016+731             0.0002
58534.515916            -0.0010          6185.2126    1043       3       2  0202+319             0.0002
58534.518254             0.0014          6185.2302    1045       3       2  2318+049             0.0002
58534.520627             0.0052          6185.2557    1048       3       2  2141+175             0.0002
58534.523266             0.0002          6185.3220    1054       3       2  0552+398             0.0002
58534.524771            -0.0168          6185.2678    1056       3       2  2355-106             0.0002
58534.526981            -0.0071          6185.3318    1059       3       2  1053+815             0.0002
58534.530697            -0.0016          6185.3547    1065       3       2  0059+581             0.0002
58534.531842             0.0050          6185.3758    1066       3       2  0016+731             0.0002
58534.536032            -0.0099          6185.4080    1071       3       2  0215+015             0.0002
58534.539898            -0.0182          6185.3654    1077       3       2  2126-158             0.0002
58534.542190            -0.0104          6185.4699    1080       3       2  0202+319             0.0002
58534.544701             0.0081          6185.5297    1084       3       2  1053+815             0.0002
58534.548775             0.0057          6185.5472    1088       3       2  0059+581             0.0002
58534.554099            -0.0203          6185.5729    1093       3       2  CTA26                0.0002
58534.559805            -0.0082          6185.6360    1100       3       2  2355-106             0.0002
58534.571819            -0.0232          6185.7563    1113       3       2  CTA26                0.0002
58534.585870             0.0050          6185.9299    1134       3       2  0202+319             0.0002
58534.590234            -0.0173          6185.9535    1140       3       2  CTA26                0.0002
58534.593428            -0.0192          6185.9681    1144       3       2  2355-106             0.0002
58534.595673             0.0036          6186.0286    1149       3       2  2318+049             0.0002
58534.608440             0.0203          6186.1756    1170       3       2  0202+319             0.0002
58534.610639             0.0113          6186.1931    1172       3       2  0016+731             0.0002
58534.616345             0.0459          6186.3428    1179       3       2  0748+126             0.0002
58534.618787            -0.0596          6185.9782    1183       3       2  0434-188             0.0003
58534.627213            -0.0293          6186.3223    1193       3       2  CTA26                0.0002
58534.635604            -0.0249          6186.4394    1202       3       2  0748+126             0.0002
58534.636854            -0.0111          6186.5420    1203       3       2  OJ287                0.0002
58534.638231             0.0014          6186.4618    1204       3       2  0202+319             0.0002
58534.642421            -0.0004          6186.5176    1210       3       2  0552+398             0.0002
58534.653648            -0.0430          6186.5999    1223       3       2  0748+126             0.0002
58534.654910            -0.0378          6186.6520    1224       3       2  OJ287                0.0002
58534.656646             0.0157          6186.6651    1226       3       2  0202+319             0.0002
58534.658428            -0.0257          6186.6459    1229       3       2  CTA26                0.0002
58534.663497            -0.0037          6186.7175    1239       3       2  0059+581             0.0002
58534.666958            -0.0084          6186.7541    1243       3       2  0016+731             0.0002
58534.670754            -0.0773          6186.7594    1245       3       2  OJ287                0.0002
58534.674910            -0.0034          6186.8339    1251       3       2  0202+319             0.0002
58534.684134            -0.0048          6186.9295    1263       3       2  0059+581             0.0002
58534.686217            -0.0182          6186.9431    1265       3       2  0016+731             0.0002
58534.690835            -0.1111          6186.8928    1272       3       2  2318+049             0.0002
58534.694308            -0.0154          6187.0220    1277       3       2  0202+319             0.0002
58534.698613            -0.0372          6187.0630    1284       3       2  1053+815             0.0003
58534.702305            -0.0177          6187.1045    1289       3       2  0059+581             0.0002
58534.706055            -0.0258          6187.1403    1296       3       2  0016+731             0.0002
