58651.716611           -13.0926        344382.0583       6       2       3  2227-088
58651.718139           -14.5595        344391.1315       7       2       3  2355-106
58651.729088           -17.5088        344387.6549      17       2       3  1424-418
58651.730442           -11.2716        344423.3957      19       2       3  1908-201
58651.733579            -7.8936        344428.5940      22       2       3  1749+096
58651.735176           -20.2933        344365.1274      23       2       3  1057-797
58651.739678             2.6682        344471.1156      28       2       3  3C418   
58651.742340           -16.4263        344389.1833      30       2       3  0308-611
58651.754493           -13.6518        344496.6189      39       2       3  0104-408
58651.757016           -15.6028        344461.4162      43       2       3  0308-611
58651.759227            -8.7410        344513.9545      45       2       3  1908-201
58651.761021            -9.3669        344490.4313      46       2       3  1546+027
58651.770199             2.5497        344559.2270      52       2       3  3C418   
58651.772259            -9.4438        344556.1059      53       2       3  2227-088
58651.774655            -8.6524        344560.4753      55       2       3  1759-396
58651.777479           -10.3014        344547.8639      57       2       3  0308-611
58651.780164           -10.2226        344580.8815      59       2       3  0104-408
58651.784273            -9.3601        344594.6235      62       2       3  2052-474
58651.787444             4.3116        344612.4805      64       2       3  3C418   
58651.790650            -7.6918        344614.3849      66       2       3  2227-088
58651.804447             6.8806        344666.3885      74       2       3  3C418   
58651.807757            -5.2112        344669.5157      75       2       3  2227-088
58651.812155            -5.7756        344672.9172      79       2       3  0308-611
58651.818451            -2.4172        344703.0213      82       2       3  2008-159
58651.821657             5.0315        344716.8575      83       2       3  3C418   
58651.824238            -3.9527        344713.9097      86       2       3  1759-396
58651.826102            -1.4123        344725.4941      89       2       3  1908-201
58651.829805            -2.5266        344740.1575      93       2       3  2227-088
58651.834736            -2.1236        344731.3185      96       2       3  1749+096
58651.836854            -1.7271        344757.9839      97       2       3  0308-611
58651.839053             8.0588        344772.9666      99       2       3  3C418   
58651.846576             2.3034        344785.1730     106       2       3  1759-396
58651.870743             1.6204        344870.7362     124       2       3  2227-088
58651.876761             4.5226        344868.5935     128       2       3  0537-441
58651.882907             6.7336        344913.6725     132       2       3  0308-611
58651.898532            -0.2168        344956.1401     145       2       3  0308-611
58651.906229             6.7057        344889.3506     151       2       3  1057-797
58651.908579           -10.4483        344908.0627     153       2       3  1759-396
58651.926287             8.4807        345051.4712     167       2       3  2355-106
58651.935210             7.2706        345088.9523     172       2       3  0458-020
58651.940824            -7.7162        345015.2548     177       2       3  1908-201
58651.942467            13.1424        345104.0303     179       2       3  2227-088
58651.947363            10.7765        345122.1048     183       2       3  0104-408
58651.965558             8.5626        345175.1265     198       2       3  0537-441
58651.967896            17.4854        345186.5930     200       2       3  2227-088
58651.977525            20.2124        345225.1099     206       2       3  0308-611
58651.979342            15.3767        345164.2773     208       2       3  1057-797
58651.988717            16.9072        345238.5441     215       2       3  2052-474
58651.998058            18.0124        345288.1372     220       2       3  0458-020
58652.001171            18.6504        345288.6604     223       2       3  2227-088
58652.002560            14.7818        345247.1881     224       2       3  1057-797
58652.004400            22.4065        345311.7496     225       2       3  0308-611
58652.006622            14.5792        345314.2137     228       2       3  0648-165
58652.017560            19.3429        345350.3291     236       2       3  0458-020
58652.020546            19.9528        345355.6033     239       2       3  0530-727
58652.024273            16.5107        345370.5176     243       2       3  0648-165
58652.041449            17.7137        345425.4149     255       2       3  0648-165
58652.044169            19.7624        345458.3027     257       2       3  0552+398
58652.051229            22.9618        345452.7858     260       2       3  2355-106
58652.055384            14.7212        345430.5332     263       2       3  2227-088
58652.058011            24.8224        345482.6415     264       2       3  0458-020
58652.068301            22.8273        345515.0061     270       2       3  0648-165
58652.076622            25.7366        345542.0824     275       2       3  0458-020
58652.082965            17.0702        345557.9678     280       2       3  0552+398
58652.087849            -0.2407        345553.6225     283       2       3  0648-165
58652.091738             0.7105        345561.6242     286       2       3  0104-408
58652.098266             2.2559        345586.7702     291       2       3  0458-020
58652.104597             2.3969        345609.5837     298       2       3  0537-441
58652.110963            -3.3600        345622.3578     302       2       3  0552+398
58652.119030             3.5425        345653.5461     309       2       3  0458-020
58652.127247            -8.1354        345651.7193     318       2       3  1057-797
58652.128544           -11.1818        345660.8599     320       2       3  1104-445
58652.133116             0.4122        345697.4581     322       2       3  0648-165
58652.135974             4.6629        345711.3210     325       2       3  0537-441
58652.141796            -4.7182        345716.6203     328       2       3  0552+398
58652.146576            -1.4832        345739.5902     330       2       3  0834-201
58652.151067             4.9245        345758.8716     335       2       3  0648-165
58652.153937            -6.3435        345778.3720     337       2       3  0814+425
58652.157294            -4.3753        345772.6928     339       2       3  OJ287   
58652.164921            -0.6431        345793.0228     347       2       3  0308-611
58652.170488            -2.8814        345789.2105     357       2       3  0104-408
58652.173590            -1.5092        345832.9297     358       2       3  0814+425
58652.180002            -4.6259        345842.1535     363       2       3  OJ287   
58652.184400            -3.7978        345850.9161     367       2       3  0552+398
58652.189759             2.7175        345879.5213     370       2       3  0648-165
58652.193833             2.9680        345889.2438     374       2       3  0458-020
58652.210222            -3.6736        345932.0152     383       2       3  0552+398
58652.222502             0.4440        345977.0193     391       2       3  0458-020
58652.231206            -2.4788        346008.2501     399       2       3  0834-201
58652.243301            -8.3974        346044.3545     405       2       3  1149-084
58652.256831            -8.9225        346079.2686     414       2       3  0814+425
58652.262641           -11.8686        346102.0798     417       2       3  1149-084
58652.266947            -2.5210        346119.8976     421       2       3  0648-165
58652.272606           -13.0507        346147.3867     424       2       3  1156+295
58652.276541            -2.3890        346124.3354     427       2       3  0308-611
58652.278729            -6.6465        346152.3552     429       2       3  0537-441
58652.280685            -7.8502        346145.7972     431       2       3  0552+398
58652.287236            -8.3132        346177.6450     436       2       3  OJ287   
58652.294747            -5.7685        346208.1993     441       2       3  0834-201
58652.300060            -5.7044        346221.8510     445       2       3  0648-165
58652.304111            -6.3633        346231.7051     448       2       3  0537-441
58652.309829            -8.2002        346249.7421     451       2       3  OJ287   
58652.312178           -10.4580        346252.0699     452       2       3  0814+425
58652.317467            -2.8000        346254.2620     455       2       3  0458-020
58652.320106            -1.8444        346261.2718     456       2       3  0552+398
58652.323555            -8.8057        346297.4126     458       2       3  0834-201
58652.327710           -13.9108        346306.9182     460       2       3  1156+295
58652.335940            -5.2753        346279.9278     465       2       3  0458-020
58652.343868           -10.1818        346356.1937     471       2       3  OJ287   
58652.345963           -14.3448        346366.6494     472       2       3  1149-084
58652.349238           -11.7409        346367.0270     474       2       3  0814+425
58652.360743           -14.1207        346417.5296     482       2       3  1424-418
58652.362815            -8.7227        346420.7810     484       2       3  1057-797
58652.364933           -11.2311        346422.0836     485       2       3  OJ287   
58652.367178           -12.2654        346437.0469     486       2       3  1149-084
58652.373058            -5.7573        346447.7410     493       2       3  0648-165
58652.376831           -17.7270        346458.8610     495       2       3  1156+295
58652.380477            -9.9698        346472.5432     498       2       3  OJ287   
58652.382247             1.8689        346454.8414     500       2       3  0537-441
58652.384516           -14.2186        346490.9874     501       2       3  1149-084
58652.387421           -11.2189        346495.6640     503       2       3  1030+415
58652.393463           -18.1690        346526.9628     506       2       3  1546+027
58652.398602           -11.3591        346534.9044     508       2       3  1156+295
58652.412109           -18.4403        346582.1404     515       2       3  1546+027
58652.416391           -14.1668        346599.0798     518       2       3  1424-418
58652.422467            -8.4123        346613.9728     523       2       3  1057-797
58652.431368            -8.3579        346631.6876     527       2       3  OJ287   
58652.433683           -13.3992        346656.1774     528       2       3  1424-418
58652.443532            -4.3626        346680.1402     537       2       3  0834-201
58652.461935           -19.3447        346740.1571     551       2       3  1759-396
58652.465743           -11.0052        346750.7429     554       2       3  1057-797
58652.469956            -7.5167        346734.3022     556       2       3  OJ287   
58652.478717             9.1007        346818.4289     563       2       3  1149-084
58652.481333            -5.2374        346837.0331     565       2       3  1908-201
58652.494204             2.7278        346874.0485     574       2       3  1749+096
58652.495801             6.2113        346875.2074     576       2       3  1546+027
58652.498544             2.4642        346888.0353     579       2       3  1908-201
58652.500697            16.4048        346873.1044     581       2       3  1030+415
58652.503023            12.8385        346893.8870     582       2       3  1156+295
58652.507641             9.5026        346919.9305     584       2       3  1424-418
58652.508798            12.3164        346919.6318     586       2       3  1104-445
58652.510083             3.0088        346922.5315     588       2       3  1749+096
58652.525604            14.0738        346974.5081     603       2       3  1104-445
58652.527699             7.5494        346984.6148     606       2       3  1759-396
58652.529666             4.1812        346987.9117     608       2       3  1908-201
58652.531819            10.9772        346985.8539     610       2       3  2052-474
58652.534562             5.8577        347003.1289     612       2       3  1749+096
58652.536322             8.0641        347008.9124     615       2       3  1546+027
58652.539771             9.3643        347024.3952     617       2       3  1424-418
58652.541403             9.5740        347025.5650     619       2       3  1244-255
58652.550569            12.0548        347054.6390     628       2       3  2052-474
58652.553949             7.0507        347066.9753     630       2       3  1749+096
58652.559516            10.6168        347077.4196     636       2       3  1149-084
58652.571148             7.4640        347123.3254     640       2       3  1749+096
58652.575754            11.8706        347124.8888     646       2       3  1104-445
58652.576842            11.8301        347126.9943     647       2       3  1057-797
58652.578150             4.3772        347146.5640     649       2       3  1908-201
58652.582988             8.7368        347157.9209     653       2       3  1244-255
58652.591495             8.3881        347189.3078     657       2       3  1546+027
58652.595338             5.6991        347200.5496     660       2       3  1749+096
58652.599690            14.2205        347190.9116     665       2       3  1104-445
58652.618150             6.0741        347274.0653     676       2       3  1546+027
58652.627896            10.7292        347284.2337     685       2       3  1057-797
58652.635535             3.0174        347329.6044     690       2       3  1749+096
58652.648000            12.7148        347347.3934     701       2       3  1057-797
58652.650882            -1.9379        347385.9282     703       2       3  2227-088
58652.667768             4.5502        347434.2141     712       2       3  1546+027
58652.671437             1.1650        347451.4012     714       2       3  2227-088
58652.681067            -1.7927        347478.9961     721       2       3  2052-474
58652.687421            -0.0288        347493.1930     725       2       3  1546+027
58652.690986             2.3256        347515.6206     727       2       3  2227-088
58652.698833             3.3720        347557.1454     731       2       3  2355-106
