58493.771981        -0.2873         4.7448        -0.0501         4.4575  FORTLEZA  ZELENCHK  0454-234    8.6490212   84.1324924   67.3524420
58493.779076         0.0981        -0.4251         0.0139        -0.3270  FORTLEZA  ZELENCHK  3C418       8.6490212   65.7877010   72.4034464
58493.791171        -0.1542        -0.0218        -0.0062        -0.1761  FORTLEZA  ZELENCHK  0212+735    8.6490212   81.3334660   35.3908397
58493.813532        -0.1672         0.0269        -0.0393        -0.1403  FORTLEZA  ZELENCHK  0415+398    8.6490212   70.8856413   14.6218992
58493.842687        -0.0396        -0.1145        -0.0575        -0.1541  FORTLEZA  ZELENCHK  0458-020    8.6490212   60.7740872   48.8657581
58493.868521        -0.1074        -0.2036        -0.0581        -0.3110  FORTLEZA  ZELENCHK  0458-020    8.6490212   51.4701078   52.3777255
58493.910349         0.2704         0.3315        -0.0505         0.6019  FORTLEZA  ZELENCHK  0727-115    8.6490211   73.2369640   55.8148558
58493.945558         0.0528        -0.1113        -0.0526        -0.0585  FORTLEZA  ZELENCHK  0727-115    8.6490211   60.7948470   58.1610642
58493.954979        -0.1175        -0.2909        -0.0410        -0.4085  FORTLEZA  ZELENCHK  0415+398    8.6490211   44.7854727   50.7188038
58493.971715         0.1294        -0.1955        -0.0528        -0.0661  FORTLEZA  ZELENCHK  0727-115    8.6490211   51.5647883   61.2709797
58493.982097        -0.0083        -0.2997        -0.0382        -0.3080  FORTLEZA  ZELENCHK  0415+398    8.6490211   43.8475499   57.1836640
58493.991113        -0.1551        -0.2885        -0.0415        -0.4436  FORTLEZA  ZELENCHK  0529+483    8.6490212   53.9727660   43.6953290
58494.027548        -0.4057        -0.1921        -0.0489        -0.5978  FORTLEZA  ZELENCHK  0847-120    8.6490212   51.4240611   61.8683002
58494.032074         0.1097        -0.2160        -0.0489        -0.1063  FORTLEZA  ZELENCHK  0727-115    8.6490212   30.4527267   71.8686195
58494.041796         0.0523        -0.3087        -0.0294        -0.2564  FORTLEZA  ZELENCHK  0415+398    8.6490212   48.0572036   70.4220610
58494.052352        -0.0836        -0.1499        -0.0499        -0.2334  FORTLEZA  ZELENCHK  4C39.25     8.6490212   63.9765718   21.6870421
58494.054886         0.0295        -0.2220        -0.0480        -0.1925  FORTLEZA  ZELENCHK  0847-120    8.6490212   41.8430693   66.1493357
58494.060268         0.1873        -0.2591        -0.0541        -0.0717  FORTLEZA  ZELENCHK  0827+243    8.6490212   43.8942425   41.6987319
58494.143521         0.1840        -0.0049        -0.0437         0.1790  FORTLEZA  ZELENCHK  3C274       8.6490212   66.2217632   34.1627116
58494.162004         0.2476        -0.8917        -0.0219        -0.6441  FORTLEZA  ZELENCHK  0718+793    8.6490212   83.5395084   48.5826063
58494.213359        -0.0856        -0.0418        -0.0344        -0.1275  FORTLEZA  ZELENCHK  1406-076    8.6490212   63.7000188   53.7495950
58494.270280        -0.0768        -0.2120        -0.0358        -0.2888  FORTLEZA  ZELENCHK  1406-076    8.6490212   43.3566671   61.4244289
58494.299666         0.0343        -0.2383        -0.0312        -0.2040  FORTLEZA  ZELENCHK  3C274       8.6490211   18.1338580   68.3776072
58494.315048        -0.3475         1.9367        -0.0279         1.5892  FORTLEZA  ZELENCHK  1741-038    8.6490211   80.7890477   47.6377124
58494.356970         0.0129        -0.2710        -0.0186        -0.2581  FORTLEZA  ZELENCHK  1418+546    8.6490211   59.4584343   42.4141482
58494.387016         0.1600        -0.2089        -0.0251        -0.0489  FORTLEZA  ZELENCHK  NRAO512     8.6490211   56.4702380   30.4748154
58494.389261        -0.0975        -0.1621        -0.0346        -0.2596  FORTLEZA  ZELENCHK  1741-038    8.6490211   54.0880511   52.9655601
58494.402421         0.1054        -0.2975        -0.0091        -0.1921  FORTLEZA  ZELENCHK  1418+546    8.6490211   58.1922406   51.4617303
58494.414910        -0.0304        -0.2378        -0.0214        -0.2682  FORTLEZA  ZELENCHK  NRAO512     8.6490211   51.1168536   37.6438979
58494.427329        -0.1160        -0.3130        -0.0034        -0.4290  FORTLEZA  ZELENCHK  1418+546    8.6490211   58.8508175   56.1415685
58494.436403         0.6762        -0.2255        -0.0337         0.4506  FORTLEZA  ZELENCHK  1741-038    8.6490211   37.1163122   61.1677048
58494.438509        -0.0610        -0.2509        -0.0236        -0.3119  FORTLEZA  ZELENCHK  1639+230    8.6490211   33.5914563   52.4427330
58494.440627        -0.1110        -0.2525        -0.0171        -0.3635  FORTLEZA  ZELENCHK  NRAO512     8.6490211   47.2384747   44.1381916
58494.451611        -0.2237        -0.3328         0.0024        -0.5565  FORTLEZA  ZELENCHK  1418+546    8.6490211   60.3849307   60.4619023
58494.458162        -0.3273        -0.0265         0.0020        -0.3538  FORTLEZA  ZELENCHK  1803+784    8.6490211   84.2020321   39.0609970
58494.472386        -0.1091        -0.1688        -0.0382        -0.2779  FORTLEZA  ZELENCHK  1936-155    8.6490211   53.4484834   64.0754924
58494.512039        -0.4395        -0.3615         0.0079        -0.8010  FORTLEZA  ZELENCHK  1803+784    8.6490211   82.6659961   42.6320945
58494.563162        -0.4771        -0.5733         0.0130        -1.0503  FORTLEZA  ZELENCHK  1803+784    8.6490212   82.3870264   46.3008295
58494.583000        -0.2795        -0.1617        -0.0460        -0.4412  FORTLEZA  ZELENCHK  2227-088    8.6490212   55.5296226   56.6907098
58494.586079         0.2002         0.6672        -0.0464         0.8674  FORTLEZA  ZELENCHK  2355-106    8.6490212   76.2570952   54.1028942
58494.589921         0.2400        -0.2324        -0.0082         0.0076  FORTLEZA  ZELENCHK  3C418       8.6490212   59.3444438   36.7433077
58494.609065        -0.0035        -0.2380        -0.0329        -0.2416  FORTLEZA  ZELENCHK  2141+175    8.6490212   40.5603293   45.9169165
58494.613868        -0.4350        -0.2518        -0.0057        -0.6868  FORTLEZA  ZELENCHK  3C418       8.6490212   57.0759474   42.0010442
58494.616171        -0.1371        -0.2209        -0.0460        -0.3579  FORTLEZA  ZELENCHK  2227-088    8.6490212   43.6941649   61.7014815
58494.639991         0.2508        -0.1523        -0.0508         0.0985  FORTLEZA  ZELENCHK  2355-106    8.6490212   57.1082965   57.8390783
58494.643648         0.2895        -0.2305        -0.0443         0.0589  FORTLEZA  ZELENCHK  2227-088    8.6490212   33.9125054   66.8765929
58494.647004        -0.2285        -0.2722        -0.0019        -0.5007  FORTLEZA  ZELENCHK  3C418       8.6490212   55.4142843   49.0557960
58494.654944        -0.3246         0.0680        -0.0429        -0.2566  FORTLEZA  ZELENCHK  0054+161    8.6490212   68.8171301   29.5476662
58494.678208         0.1191        -0.2904         0.0019        -0.1713  FORTLEZA  ZELENCHK  3C418       8.6490212   55.5482209   55.3880313
58494.680384         0.2747         0.2132        -0.0128         0.4879  FORTLEZA  ZELENCHK  0059+581    8.6490212   77.7740405   19.6355627
58494.723335         0.1272        -0.1265        -0.0147         0.0007  FORTLEZA  ZELENCHK  0059+581    8.6490212   71.2629617   26.7825439
58494.737236        -0.2969        -0.3431         0.0093        -0.6400  FORTLEZA  ZELENCHK  3C418       8.6490212   60.1534992   66.2499033
58494.756831        -0.1040        -0.3778         0.0033        -0.4817  FORTLEZA  ZELENCHK  2229+695    8.6490212   73.9024670   48.4636583
58494.765454        -0.6893        -0.3946         0.0127        -1.0839  FORTLEZA  ZELENCHK  3C418       8.6490212   64.0506982   70.7868749
