58493.818440            -0.0779          -108.6455      40       3       2  0718+793             0.0001   122.7551
58493.821241            -0.0788          -108.6128      44       3       2  0151+474             0.0001   110.7003
58493.828000            -0.0836          -108.6335      53       3       2  1053+704             0.0001   122.8638
58493.832386            -0.1113          -108.6959      59       3       2  1101+384             0.0001   130.9119
58493.837595            -0.0904          -108.6069      62       3       2  0727-115             0.0000   146.3572
58493.840546            -0.0871          -108.5484      65       3       2  0415+398             0.0002   136.5948
58493.845882             0.1071          -108.3496      71       3       2  0718+793             0.0001   122.7509
58493.849967             0.0579          -108.3571      74       3       2  0847-120             0.0002   140.1729
58493.860581             0.0693          -108.3107      83       3       2  0151+474             0.0001   110.6676
58493.866449             0.0822          -108.2741      88       3       2  0415+398             0.0002   136.5711
58493.871553             0.0879          -108.2658      95       3       2  0718+793             0.0001   122.7469
58493.877143             0.0745          -108.2426     100       3       2  0529+483             0.0001   145.2101
58493.880280             0.0572          -108.2855     103       3       2  0847-120             0.0002   140.1935
58493.886183             0.0436          -108.3933     109       3       2  3C418                0.0000    74.9347
58493.890905             0.0627          -108.2011     114       3       2  0151+474             0.0001   110.6424
58493.903359            -0.0300          -108.5431     131       3       2  2214+350             0.0002    69.8995
58493.910338             0.0088          -108.4070     137       3       2  3C418                0.0000    74.9262
58493.913069             0.0693          -108.1508     140       3       2  0847-120             0.0002   140.2158
58493.929504             0.0041          -108.1258     156       3       2  0454-234             0.0000   121.7945
58493.932039             0.0540          -108.0565     159       3       2  0151+474             0.0001   110.6081
58493.936900             0.0165          -108.1401     166       3       2  2356+385             0.0003    87.9874
58493.938845             0.1219          -107.9920     167       3       2  2229+695             0.0001    97.3039
58493.943011             0.1636          -107.9366     170       3       2  0847-120             0.0002   140.2361
58493.949065             0.1479          -107.8979     175       3       2  0718+793             0.0000   122.7351
58493.961009             0.1189          -107.8872     188       3       2  0151+474             0.0001   110.5840
58493.969169             0.1272          -107.8670     194       3       2  0847-120             0.0002   140.2539
58493.987896             0.1022          -107.8109     209       3       2  0151+474             0.0001   110.5617
58493.993579             0.1253          -107.7463     214       3       2  0718+793             0.0000   122.7284
58494.000720             0.1373          -107.7289     220       3       2  0847-120             0.0001   140.2752
58494.004921             0.1354          -107.7009     225       3       2  0808+019             0.0001   157.1914
58494.015558             0.0790          -107.7440     233       3       2  0151+474             0.0001   110.5387
58494.021970             0.1409          -107.6628     241       3       2  3C274                0.0000   107.5681
58494.027548            -0.0272          -107.7854     244       3       2  0847-120             0.0002   140.2934
58494.047410            -0.0792          -107.8110     261       3       2  0151+474             0.0001   110.5122
58494.052352            -0.0345          -107.6593     266       3       2  4C39.25              0.0000   149.3166
58494.054886             0.0798          -107.5694     268       3       2  0847-120             0.0002   140.3118
58494.060268             0.0568          -107.5475     275       3       2  0827+243             0.0000   165.2895
58494.070326             0.0060          -107.5698     285       3       2  0718+793             0.0001   122.7168
58494.074146            -0.0743          -107.7500     290       3       2  0151+474             0.0001   110.4901
58494.079794            -0.1060          -107.6673     295       3       2  0415+398             0.0002   136.3757
58494.085685            -0.0890          -107.6172     297       3       2  0847-120             0.0002   140.3325
58494.094319            -0.0505          -107.5552     309       3       2  3C274                0.0000   107.6399
58494.101588            -0.1402          -107.8025     313       3       2  0151+474             0.0001   110.4673
58494.108706            -0.0486          -107.4696     317       3       2  1101+384             0.0002   131.1274
58494.114458            -0.0873          -107.5094     321       3       2  0727-115             0.0000   146.4054
58494.122780            -0.0813          -107.5799     331       3       2  0059+581             0.0000   105.3338
58494.124470            -0.0604          -107.4862     333       3       2  2229+695             0.0001    97.2298
58494.132954            -0.0129          -107.4114     339       3       2  1806+456             0.0001    69.9838
58494.140129            -0.0002          -107.2976     344       3       2  1101+384             0.0002   131.1518
58494.152166            -0.0440          -107.4565     353       3       2  0059+581             0.0000   105.3141
58494.153567            -0.0329          -107.3227     354       3       2  0212+735             0.0000   114.4256
58494.155141            -0.0303          -107.3369     358       3       2  2229+695             0.0001    97.2177
58494.158694            -0.0007          -107.2433     360       3       2  1418+546             0.0001   100.5060
58494.167954            -0.0013          -107.2511     369       3       2  1806+456             0.0001    69.9877
58494.174204            -0.0505          -107.5287     375       3       2  0415+398             0.0002   136.2897
58494.178428            -0.0260          -107.2777     379       3       2  3C418                0.0000    74.8331
58494.180477            -0.0314          -107.2386     380       3       2  2229+695             0.0001    97.2076
58494.191287            -0.0425          -107.1636     392       3       2  0718+793             0.0000   122.6986
58494.205060            -0.0568          -107.2115     405       3       2  1929+226             0.0001    44.6208
58494.210535            -0.0956          -107.1107     413       3       2  1255-316             0.0001    84.6516
58494.228706            -0.0838          -107.0436     430       3       2  1101+384             0.0002   131.2205
58494.246622            -0.0722          -106.9894     450       3       2  0718+793             0.0001   122.6903
58494.248833            -0.1234          -107.3113     453       3       2  2214+350             0.0002    69.6530
58494.251900            -0.0436          -106.9865     455       3       2  1929+226             0.0001    44.6131
58494.256831            -0.0771          -106.9355     458       3       2  1123+264             0.0001   126.0853
58494.258301            -0.0778          -106.9355     462       3       2  3C274                0.0001   107.8017
58494.267271            -0.0884          -106.9073     470       3       2  1101+384             0.0001   131.2502
58494.277444            -0.0889          -106.8872     478       3       2  1622-253             0.0001    41.8137
58494.281773            -0.0610          -106.8493     484       3       2  1806+456             0.0001    70.0005
58494.299666             0.0344          -106.6708     505       3       2  3C274                0.0000   107.8423
58494.310870             0.0303          -106.6325     520       3       2  NRAO512              0.0001    73.0756
58494.317849             0.0169          -106.6140     526       3       2  1936-155             0.0001     6.9209
58494.326761             0.0336          -106.5755     535       3       2  1502+036             0.0004    69.1754
58494.330060             0.0430          -106.5582     540       3       2  1616+063             0.0001    54.2934
58494.335928             0.0268          -106.5551     544       3       2  1101+384             0.0002   131.3029
58494.341877             0.0473          -106.7874     550       3       2  0151+474             0.0001   110.2696
58494.355210             0.0279          -106.5789     563       3       2  4C39.25              0.0000   149.5180
58494.359690             0.0740          -106.4311     568       3       2  0718+793             0.0001   122.6731
58494.361923             0.0663          -106.4245     571       3       2  3C418                0.0000    74.7703
58494.365465             0.0327          -106.4572     576       3       2  1101+384             0.0002   131.3255
58494.371877             0.0671          -106.5245     583       3       2  0151+474             0.0001   110.2451
58494.384331             0.0247          -106.3811     595       3       2  1929+226             0.0001    44.5912
58494.389261             0.0331          -106.3542     602       3       2  1741-038             0.0000    31.2143
58494.392433             0.0450          -106.3739     604       3       2  1101+384             0.0003   131.3460
58494.397004             0.0361          -106.3402     610       3       2  0212+735             0.0000   114.3178
58494.399319             0.0718          -106.3651     612       3       2  0151+474             0.0001   110.2226
58494.404331             0.0625          -106.4738     617       3       2  0749+540             0.0002   147.6568
58494.414910             0.0163          -106.2484     628       3       2  NRAO512              0.0001    73.1184
58494.423960             0.0944          -106.2785     637       3       2  0134+311             0.0002   102.7789
58494.430454             0.0481          -106.2427     644       3       2  0151+474             0.0001   110.1972
58494.436403             0.0258          -106.1818     651       3       2  1741-038             0.0000    31.2506
58494.444192             0.0627          -106.3772     662       3       2  1101+384             0.0003   131.3855
58494.449261             0.0366          -106.1421     666       3       2  0718+793             0.0000   122.6592
58494.460963             0.0475          -106.1131     675       3       2  0151+474             0.0001   110.1722
58494.478359             0.0031          -106.0691     691       3       2  0718+793             0.0000   122.6546
58494.491032            -0.0105          -106.0484     702       3       2  0151+474             0.0001   110.1476
58494.500997             0.0313          -105.9575     711       3       2  2355-106             0.0000    65.0849
58494.512039            -0.0601          -105.9795     721       3       2  1803+784             0.0000   101.1133
58494.514018            -0.0960          -106.0275     722       3       2  1418+546             0.0000   100.6680
58494.532259             0.0205          -105.8533     740       3       2  0151+474             0.0001   110.1138
58494.538509             0.1345          -105.7412     745       3       2  0221+067             0.0001   105.2650
58494.543220             0.0414          -105.7990     749       3       2  0054+161             0.0001    88.7436
58494.548521             0.0595          -105.8015     752       3       2  0415+398             0.0002   135.9515
58494.551194            -0.0191          -105.8057     755       3       2  0059+581             0.0000   105.0476
58494.552849            -0.0112          -105.7900     757       3       2  2356+385             0.0004    87.4755
58494.555778             0.0679          -105.7244     761       3       2  2355-106             0.0000    65.0304
58494.560210            -0.0031          -105.7674     763       3       2  0151+474             0.0001   110.0909
58494.566379             0.0767          -105.6933     766       3       2  0221+067             0.0001   105.2371
58494.583000             0.0068          -105.6723     780       3       2  2227-088             0.0000    45.1641
58494.586079             0.0286          -105.6491     781       3       2  2355-106             0.0001    65.0003
58494.593359            -0.0202          -105.6558     786       3       2  0151+474             0.0001   110.0636
58494.598370            -0.0318          -105.6614     790       3       2  0718+793             0.0001   122.6354
58494.609065            -0.0265          -105.5876     801       3       2  2141+175             0.0001    51.3157
58494.616171             0.0221          -105.5329     806       3       2  2227-088             0.0000    45.1306
58494.627028            -0.0579          -105.5629     817       3       2  2254+074             0.0001    58.7353
58494.643648            -0.1333          -105.5874     829       3       2  2227-088             0.0000    45.1027
58494.647004            -0.0153          -105.4330     833       3       2  3C418                0.0000    74.6722
58494.649863             0.0026          -105.4062     834       3       2  2113+293             0.0001    57.2886
58494.652514             0.0216          -105.3775     836       3       2  2356+385             0.0004    87.3929
58494.654944             0.0102          -105.3964     838       3       2  0054+161             0.0001    88.6320
58494.661403            -0.0478          -105.4231     843       3       2  0151+474             0.0001   110.0076
58494.665523             0.0523          -105.3335     845       3       2  0415+398             0.0001   135.8454
58494.674122             0.0662          -105.2877     856       3       2  1929+226             0.0001    44.5432
58494.682317             0.0607          -105.2595     864       3       2  0718+793             0.0001   122.6218
58494.689169             0.0578          -105.2310     872       3       2  1803+784             0.0000   101.0992
58494.693590             0.0708          -105.2067     876       3       2  0415+398             0.0002   135.8199
58494.699204            -0.0270          -105.2605     880       3       2  0151+474             0.0002   109.9763
58494.704273             0.1040          -105.4056     884       3       2  1418+546             0.0001   100.7537
58494.713937             0.1015          -105.1579     893       3       2  1806+456             0.0001    70.0473
58494.719273             0.0703          -105.1027     897       3       2  2113+293             0.0001    57.2469
58494.725083             0.0529          -105.0939     904       3       2  0212+735             0.0000   114.1707
58494.734377             0.0136          -105.1082     911       3       2  0415+398             0.0003   135.7827
58494.739204            -0.0151          -105.1271     914       3       2  0718+793             0.0001   122.6125
58494.740916            -0.0066          -105.1164     916       3       2  1803+784             0.0000   101.0950
58494.743671             0.0458          -105.1685     918       3       2  1806+456             0.0001    70.0505
58494.749007            -0.0580          -105.1570     923       3       2  0458-020             0.0000   136.4436
58494.751287            -0.0964          -105.1741     924       3       2  CTA26                0.0000   118.8978
58494.754458            -0.0206          -105.1652     929       3       2  4C39.25              0.0000   149.7776
58494.756831            -0.0788          -105.1109     932       3       2  2229+695             0.0001    96.9786
58494.762954            -0.0638          -105.0779     938       3       2  0415+398             0.0002   135.7565
58494.767537            -0.0700          -105.0790     943       3       2  0718+793             0.0001   122.6078
58494.769169            -0.0339          -105.0639     944       3       2  1053+704             0.0001   123.0294
