58675.772097          -114.2448       4916160.5557       2       3       2  1749+096
58675.774597            16.7005       4916198.2146       4       3       2  0529+483
58675.776136            17.5137       4916169.4396       5       3       2  0716+714
58675.778266            26.1822       4916177.5769       7       3       2  0642+449
58675.779875            -6.7780       4916193.4165       8       3       2  0059+581
58675.793127           -87.3881       4916099.7814      17       3       2  1514+197
58675.797340           -40.9421       4916091.3916      20       3       2  1806+456
58675.799099           -33.5100       4916090.0767      22       3       2  1642+690
58675.800697           -14.2406       4916092.2330      25       3       2  2229+695
58675.810812            53.1517       4916056.3823      31       3       2  1123+264
58675.824308            75.3270       4916006.1162      41       3       2  1514+197
58675.838324            49.6756       4915974.5927      52       3       2  1123+264
58675.841634           -63.1020       4915954.9666      53       3       2  1751+288
58675.850280           -15.4233       4915962.5782      58       3       2  0059+581
58675.856021            71.0067       4915910.3416      62       3       2  1514+197
58675.861287            70.5081       4915894.6159      66       3       2  1639+230
58675.867456            45.9254       4915888.4371      70       3       2  1123+264
58675.872143            14.3412       4915929.6621      76       3       2  0812+367
58675.873903            20.6478       4915876.0941      78       3       2  0955+476
58675.883428            67.6650       4915828.9114      85       3       2  1514+197
58675.889204           -68.7785       4915812.6078      88       3       2  1751+288
58675.894099            40.5551       4915808.9170      92       3       2  1123+264
58675.898903             2.8015       4915801.3022      97       3       2  0716+714
58675.900812           -21.9685       4915785.6275     100       3       2  2229+695
58675.902618           -19.4380       4915793.2368     102       3       2  0059+581
58675.913440           149.7571       4915718.6881     110       3       2  1502+036
58675.916298            62.5447       4915732.7077     112       3       2  1751+288
58675.928405            37.0583       4915714.4976     120       3       2  1123+264
58675.933393           -39.9176       4915683.4823     123       3       2  3C418   
58675.945141           -51.8439       4915650.0294     132       3       2  2234+282
58675.953648           -83.4460       4915620.4373     139       3       2  2215+150
58675.961171            64.3745       4915601.1427     145       3       2  1514+197
58675.969169            60.0175       4915577.7450     152       3       2  1751+288
58675.978972           -22.3124       4915554.6543     160       3       2  0059+581
58675.980963            -1.7893       4915557.0550     163       3       2  0716+714
58675.986136            28.6819       4915532.2079     168       3       2  1642+690
58675.991634           -79.1207       4915508.7147     171       3       2  2215+150
58675.994296           -62.7718       4915510.3416     173       3       2  0017+200
58676.001993            61.5800       4915484.6805     180       3       2  1751+288
58676.004204          -151.4625       4915465.2547     181       3       2  2059+034
58676.011611           -39.7551       4915474.5649     188       3       2  0202+319
58676.016426           -41.2898       4915440.1840     191       3       2  3C418   
58676.018636           -78.1848       4915429.3655     192       3       2  2215+150
58676.021009           -25.7164       4915426.7896     196       3       2  2229+695
58676.030187            59.6870       4915401.2128     203       3       2  1751+288
58676.035535          -178.1729       4915387.3067     208       3       2  0119+041
58676.038266           -26.4296       4915376.3436     211       3       2  0151+474
58676.043208           -39.9400       4915365.0461     214       3       2  0202+319
58676.044991           -60.2849       4915351.9901     215       3       2  0017+200
58676.053416            13.9230       4915338.9562     225       3       2  1300+580
58676.055257            -5.6678       4915331.1442     227       3       2  0716+714
58676.057305           -23.4978       4915316.5133     229       3       2  0059+581
58676.061900            56.1471       4915305.6691     235       3       2  1751+288
58676.064447            43.3588       4915299.6177     238       3       2  1806+456
58676.066298            54.2067       4915293.3771     239       3       2  3C418   
58676.068903           -60.7133       4915278.8555     242       3       2  0017+200
58676.073590             3.9500       4915277.4755     246       3       2  1053+704
58676.075812           -26.3263       4915292.6079     249       3       2  0529+483
58676.077548            -4.7871       4915264.4148     250       3       2  0716+714
58676.079285           -24.4882       4915314.2587     252       3       2  0749+540
58676.091565            52.8008       4915218.4945     266       3       2  3C418   
58676.099423           -60.4241       4915187.9292     273       3       2  0017+200
58676.102004           -23.1821       4915200.2048     274       3       2  0529+483
58676.111541          -139.7570       4915139.8475     283       3       2  0119+041
58676.114412            51.9600       4915149.1047     285       3       2  1751+288
58676.118335             6.8704       4915150.4714     292       3       2  1300+580
58676.120442           -34.7260       4915186.3088     294       3       2  0642+449
58676.122201            -5.6225       4915127.1422     296       3       2  0716+714
58676.123903           -18.5284       4915154.1121     298       3       2  0749+540
58676.131599           -28.5173       4915090.0691     306       3       2  0059+581
58676.133822           -66.3795       4915080.8561     308       3       2  0017+200
58676.135662           -41.9390       4915075.4472     309       3       2  0202+319
58676.137954           372.8926       4915027.4909     311       3       2  3C446   
58676.145986            69.2271       4915050.1953     317       3       2  1923+210
58676.149088           -27.0061       4915066.4702     319       3       2  0642+449
58676.152757            -9.0337       4915029.8656     323       3       2  0716+714
58676.154690             4.3100       4915048.9649     327       3       2  1300+580
58676.158729            41.9307       4915011.3751     332       3       2  3C418   
58676.160812            32.7443       4915008.4934     334       3       2  1806+456
58676.165511           165.6189       4914973.7870     338       3       2  2059+034
58676.168474           -73.2534       4914973.7614     340       3       2  0017+200
58676.170523           -44.7732       4914968.1227     341       3       2  0202+319
58676.176275            -9.7786       4914956.7368     347       3       2  0716+714
58676.179967            14.4796       4914947.2794     352       3       2  1642+690
58676.187479           -18.7101       4914933.3605     362       3       2  0749+540
58676.189516            28.5605       4914921.3581     364       3       2  1806+456
58676.203856            81.7492       4914862.7679     372       3       2  0017+200
58676.205882            86.4214       4914858.7559     374       3       2  2215+150
58676.208208          -152.8737       4914839.1014     379       3       2  0119+041
58676.212085            40.5290       4914866.8376     383       3       2  1751+288
58676.216472           182.3482       4914808.7981     388       3       2  2059+034
58676.238636            32.4167       4914803.5879     408       3       2  1751+288
58676.242768            19.6044       4914761.7612     411       3       2  1806+456
58676.249863           149.4426       4914706.7162     420       3       2  0119+041
58676.268173            35.0584       4914659.5720     431       3       2  0059+581
58676.269956            20.7347       4914659.7059     433       3       2  2229+695
58676.272190            18.1919       4914681.3969     434       3       2  1806+456
58676.284412            50.3790       4914604.2444     446       3       2  0202+319
58676.292977           -36.9394       4914594.6920     451       3       2  0812+367
58676.299342           -41.1213       4914559.8213     455       3       2  0642+449
58676.301518           -25.1805       4914556.5716     458       3       2  0716+714
58676.303798            17.5496       4914560.8561     461       3       2  3C418   
58676.306021            14.9740       4914545.9952     462       3       2  2229+695
58676.322942           -42.7760       4914486.0317     472       3       2  0642+449
58676.325083          -118.5200       4914476.7626     475       3       2  0656+082
58676.328845           -46.7772       4914466.8126     478       3       2  0529+483
58676.332039           -64.2264       4914480.4422     481       3       2  OJ287   
58676.334296           -27.4513       4914454.4385     484       3       2  0716+714
58676.339041           -93.1717       4914440.0291     486       3       2  0748+126
58676.359041            14.6528       4914398.7909     500       3       2  3C418   
58676.361171           -18.9587       4914376.1451     502       3       2  1053+704
58676.363254            -1.1512       4914386.0395     505       3       2  1642+690
58676.365396            12.3143       4914365.1213     509       3       2  2229+695
58676.368879           -32.7225       4914344.5904     512       3       2  0716+714
58676.384065           -68.2941       4914300.1949     525       3       2  OJ287   
58676.386322           -95.7065       4914286.8644     526       3       2  0748+126
58676.389423            53.0121       4914285.4737     529       3       2  0017+200
58676.390847           154.6040       4914260.1399     531       3       2  0119+041
58676.392687            36.0004       4914292.4078     533       3       2  2234+282
58676.401009           -52.6539       4914240.7958     539       3       2  0642+449
58676.412444            77.5255       4914204.6085     549       3       2  0229+131
58676.415581           114.5913       4914230.4911     553       3       2  2307+106
58676.418752             6.0400       4914198.5088     557       3       2  2229+695
58676.422213            52.7446       4914189.3211     561       3       2  0017+200
58676.426657          -102.9634       4914156.9142     564       3       2  0748+126
58676.428717           -54.8715       4914154.0230     565       3       2  0812+367
58676.436495           162.1715       4914115.7846     573       3       2  0420+022
58676.441414            37.6387       4914115.6821     578       3       2  0529+483
58676.445488            76.9268       4914103.0366     581       3       2  0229+131
58676.455592             6.2491       4914088.0049     590       3       2  2229+695
58676.463497             7.9455       4914124.2881     597       3       2  3C418   
58676.468509            33.0006       4914041.1449     602       3       2  0202+319
58676.476993            44.5466       4914006.8841     610       3       2  0642+449
58676.479921           -53.0847       4914005.3856     611       3       2  1123+264
58676.494111           103.3341       4913950.8951     621       3       2  0748+126
58676.501518            41.5744       4913930.9965     628       3       2  0642+449
58676.503405            32.8807       4913929.3282     630       3       2  0415+398
58676.508440           -81.7132       4913907.5982     633       3       2  OJ287   
58676.510639           -54.9279       4913906.8078     634       3       2  1123+264
58676.528764            40.8614       4913849.7691     650       3       2  0642+449
58676.530778            30.1051       4913844.1364     652       3       2  0716+714
58676.533879           -84.6005       4913830.2540     654       3       2  OJ287   
58676.536183            30.7098       4913827.0298     656       3       2  0529+483
58676.539562           -58.8926       4913813.5457     658       3       2  1123+264
58676.560072            80.0691       4913751.8411     677       3       2  OJ287   
58676.562085            96.8273       4913743.4298     678       3       2  0748+126
58676.568579           -15.9358       4913819.0221     682       3       2  1651+391
58676.576102           -29.7420       4913703.4109     687       3       2  1300+580
58676.577815             1.4126       4913714.6513     689       3       2  2229+695
58676.591877           -60.5048       4913653.4374     699       3       2  1123+264
58676.605083            38.1785       4913619.1738     710       3       2  0642+449
58676.607479            29.4398       4913617.4427     712       3       2  0415+398
58676.617965           -62.8036       4913581.2658     718       3       2  1514+197
58676.624979           -66.2866       4913549.0714     722       3       2  1123+264
58676.635824            35.1180       4913524.0303     731       3       2  0642+449
58676.638706            11.2016       4913542.6627     733       3       2  0059+581
58676.640361            -0.5399       4913520.9415     735       3       2  2229+695
58676.650778           -66.8514       4913468.1169     744       3       2  1514+197
58676.657386            71.4581       4913448.6288     747       3       2  1123+264
58676.660650           -30.2958       4913493.5289     749       3       2  1751+288
58676.664794            13.3058       4913471.1226     754       3       2  0059+581
58676.666692            31.0693       4913451.1956     755       3       2  0415+398
58676.669157            24.6507       4913423.9969     758       3       2  0529+483
58676.678625           -24.4764       4913394.7741     763       3       2  1806+456
58676.681900           -19.3339       4913374.5344     765       3       2  1642+690
58676.684018           -37.4766       4913390.2636     767       3       2  1751+288
58676.687028            68.2808       4913355.6686     770       3       2  1123+264
58676.692282           -70.6670       4913332.8034     774       3       2  1514+197
58676.697201           180.6750       4913300.8005     778       3       2  0912+029
58676.703058            91.9934       4913303.9797     783       3       2  0748+126
58676.714620            60.9971       4913265.9108     791       3       2  1123+264
58676.717502            44.3973       4913256.9273     793       3       2  1300+580
58676.720257            14.7827       4913254.9474     796       3       2  0716+714
58676.722664            27.2094       4913257.2722     799       3       2  0642+449
58676.726970            19.0958       4913249.8569     804       3       2  0529+483
58676.736611           -50.3575       4913197.2426     811       3       2  1751+288
58676.739018           -34.3303       4913189.4503     813       3       2  1806+456
58676.741808           -78.6497       4913172.7212     815       3       2  1514+197
58676.747537            56.4451       4913162.3843     820       3       2  1123+264
58676.752896           -20.7436       4913161.5325     823       3       2  3C418   
58676.754956           -29.8434       4913138.4923     826       3       2  1642+690
58676.757618            17.4535       4913162.8292     829       3       2  0529+483
58676.765859          -107.7324       4913098.0114     835       3       2  1749+096
58676.767907           -34.1993       4913098.3927     837       3       2  1806+456
