58560.720951            18.2827       -320638.9937      11       3       2  1424-418
58560.722224            24.1545       -320583.1900      12       3       2  1741-038
58560.738405            16.7139       -320641.7245      30       3       2  1424-418
58560.739690            15.8999       -320603.3136      31       3       2  1741-038
58560.741229            14.9696       -320626.6880      32       3       2  1406-076
58560.746379            17.1261       -320633.0617      36       3       2  1124-186
58560.752051            15.3856       -320650.6947      41       3       2  1034-293
58560.755315            12.0994       -320639.6492      43       3       2  1657-261
58560.756588            13.0582       -320648.2956      44       3       2  1424-418
58560.757872             9.7596       -320619.0777      45       3       2  1741-038
58560.766079            17.5139       -320555.8958      54       3       2  NRAO512 
58560.770187            12.3991       -320626.9376      56       3       2  1156+295
58560.774666            11.9988       -320653.4535      59       3       2  1424-418
58560.775963             4.0255       -320633.0823      60       3       2  1741-038
58560.791287             9.6286       -320660.4495      77       3       2  1424-418
58560.792583             0.4156       -320643.6687      78       3       2  1741-038
58560.800743             5.6691       -320632.8191      85       3       2  1156+295
58560.805940             7.4852       -320663.2554      88       3       2  1124-186
58560.807710             8.7761       -320666.6527      89       3       2  1424-418
58560.808995            -3.4716       -320654.0890      90       3       2  1741-038
58560.815801            18.8058       -320680.8794      97       3       2  1759-396
58560.818243             1.5385       -320632.4419      98       3       2  1156+295
58560.822294             1.5069       -320667.0569     100       3       2  1243-160
58560.825778             6.8752       -320675.4686     102       3       2  1424-418
58560.827039            -3.3196       -320660.8477     103       3       2  1741-038
58560.843289            -4.8151       -320668.3895     118       3       2  1741-038
58560.844597             7.0854       -320684.0339     119       3       2  1424-418
58560.846252             8.2128       -320661.8738     120       3       2  2008-159
58560.860546           -10.2485       -320680.0978     134       3       2  1741-038
58560.863416            -3.9154       -320673.9214     137       3       2  2008-159
58560.878521           -10.8611       -320687.1067     149       3       2  1741-038
58560.879898           -10.3922       -320683.5880     150       3       2  2008-159
58560.895257            10.0074       -320524.2695     165       3       2  2141+175
58560.900616           -12.4401       -320691.4345     169       3       2  2008-159
58560.911055            -9.2470       -320696.7304     180       3       2  1741-038
58560.933474           -14.2642       -320711.8162     204       3       2  1657-261
58560.934852           -15.6595       -320711.0789     206       3       2  1741-038
58560.941217           -18.4642       -320678.5372     212       3       2  2141+175
58560.960870           -16.7408       -320693.8366     229       3       2  2141+175
58560.976113           -13.9532       -320680.5931     243       3       2  NRAO512 
58560.980372           -28.3712       -320734.6303     245       3       2  2008-159
58560.984238            -2.8371       -320588.5063     247       3       2  3C418   
58560.998185           -30.3491       -320742.9416     263       3       2  2008-159
58561.002826           -25.6208       -320742.1999     268       3       2  1741-038
58561.018173           -27.1208       -320768.2682     284       3       2  1759-396
58561.022988           -28.6750       -320751.0403     286       3       2  1741-038
58561.029956            -6.2366       -320745.3852     295       3       2  1657-261
58561.038810             0.6354       -320644.1339     304       3       2  3C418   
58561.040801            -7.9095       -320735.1829     305       3       2  1741-038
58561.056704           -15.1690       -320746.6651     321       3       2  1741-038
58561.058636           -10.3923       -320662.4932     322       3       2  3C418   
58561.073845           -11.2530       -320747.1571     336       3       2  1741-038
58561.075465            -9.0550       -320663.0109     337       3       2  3C418   
58561.090025            -9.1721       -320749.1765     354       3       2  1741-038
58561.091576            -9.5323       -320660.7107     356       3       2  3C418   
58561.096125           -25.6153       -320763.2513     359       3       2  2355-106
58561.098081           -23.4143       -320771.1324     360       3       2  2008-159
58561.106692            -7.4870       -320650.2650     369       3       2  3C418   
58561.110546            -9.6666       -320755.1557     371       3       2  1741-038
58561.114134           -16.6005       -320764.9328     375       3       2  2141+175
58561.118162           -22.7556       -320777.5645     377       3       2  2008-159
58561.122919           -10.4887       -320633.7544     381       3       2  3C418   
58561.127028           -31.3907       -320781.5672     384       3       2  2355-106
58561.135430           -24.3752       -320785.4651     391       3       2  2008-159
58561.143544           -21.9809       -320797.4951     400       3       2  0104-408
58561.159007           -34.7251       -320797.7121     417       3       2  2355-106
58561.162004           -30.4671       -320807.5471     419       3       2  0104-408
58561.164840           -30.4596       -320769.6509     421       3       2  CTA26   
58561.177791           -28.3402       -320793.7965     436       3       2  0017+200
58561.212444           -28.3982       -320779.0668     470       3       2  0458-020
58561.229261           -27.4189       -320812.9031     488       3       2  0017+200
58561.235291           -27.1268       -320826.5967     494       3       2  0104-408
58561.238764           -29.9117       -320823.6805     497       3       2  2355-106
58561.246947            21.7149       -320769.8332     504       3       2  0017+200
58561.260812            27.0413       -320783.5409     519       3       2  0104-408
58561.273000            12.2310       -320775.1373     532       3       2  0458-020
58561.291738            43.8880       -320760.8119     549       3       2  0727-115
58561.293058            15.2194       -320782.3720     550       3       2  0458-020
58561.313752            12.9157       -320794.8315     572       3       2  0458-020
58561.315002            15.7233       -320799.2211     573       3       2  CTA26   
58561.320558            25.1511       -320799.0655     577       3       2  2355-106
58561.324215            20.3277       -320783.7238     580       3       2  0727-115
58561.326148            44.6602       -320808.7051     582       3       2  0104-408
58561.327872            18.7620       -320790.9870     584       3       2  0017+200
58561.333474            14.9076       -320809.0366     588       3       2  0229+131
58561.336576            13.9164       -320804.6944     591       3       2  0458-020
58561.339875            16.7006       -320793.2778     594       3       2  0727-115
58561.357606            15.3324       -320802.3705     614       3       2  0727-115
58561.358798            17.5096       -320811.3974     616       3       2  0458-020
58561.359875            24.3053       -320809.7765     618       3       2  CTA26   
58561.363706            35.9132       -320809.0381     624       3       2  2355-106
58561.374794           -25.1252       -320811.1474     637       3       2  2318+049
58561.376287            18.2817       -320773.5131     639       3       2  0017+200
58561.379435            23.7780       -320818.3004     643       3       2  CTA26   
58561.381773            37.3065       -320823.1485     646       3       2  2355-106
58561.397884            24.9051       -320821.4936     668       3       2  0458-020
58561.399331            21.3015       -320815.8892     669       3       2  0727-115
58561.400592             7.7562       -320788.2920     671       3       2  OJ287   
58561.407109            -2.0278       -320721.1218     680       3       2  0814+425
58561.416067            16.9201       -320828.2267     687       3       2  0727-115
58561.417247             5.0371       -320811.2187     688       3       2  OJ287   
58561.434991            -2.8034       -320835.2085     706       3       2  OJ287   
58561.440326            10.0744       -320846.5955     712       3       2  0727-115
58561.442201           -18.6136       -320818.1745     714       3       2  0814+425
58561.453602            -7.7277       -320854.0577     725       3       2  OJ287   
58561.457016            -1.2624       -320865.8203     729       3       2  0727-115
58561.458254             2.7816       -320868.9999     730       3       2  0458-020
58561.462375            12.8850       -320880.8399     737       3       2  0537-441
58561.464898            27.1758       -320871.8987     741       3       2  1124-186
58561.468486            -7.4917       -320835.4901     745       3       2  0814+425
58561.472421             2.2476       -320869.5462     749       3       2  0727-115
58561.474366             4.6290       -320872.5048     751       3       2  CTA26   
58561.475789             4.9325       -320873.7981     753       3       2  0458-020
58561.489898             3.3555       -320878.7351     766       3       2  CTA26   
58561.492190             6.0039       -320879.0276     768       3       2  0458-020
58561.493428             4.2554       -320877.3198     770       3       2  0727-115
58561.494805             0.4130       -320871.4623     771       3       2  OJ287   
58561.503405             1.0784       -320852.3137     777       3       2  0814+425
58561.513162           -19.3415       -320758.6365     786       3       2  1156+295
58561.515963             4.6223       -320878.8108     788       3       2  OJ287   
58561.518370             4.1770       -320890.4664     790       3       2  0458-020
58561.520141            -2.2488       -320893.0709     793       3       2  CTA26   
58561.524852             5.3087       -320859.9481     798       3       2  0814+425
58561.532988             4.9294       -320894.7556     807       3       2  0727-115
58561.534470             8.3251       -320884.6455     808       3       2  OJ287   
58561.536391             3.0730       -320897.8215     809       3       2  0458-020
58561.537861            -6.5945       -320901.7289     811       3       2  CTA26   
58561.541947             7.1570       -320866.0400     815       3       2  0814+425
58561.549944             4.6400       -320902.6817     823       3       2  0727-115
58561.551322             9.6858       -320891.5708     824       3       2  OJ287   
58561.553127             1.4744       -320904.9177     825       3       2  0458-020
58561.559065             7.0015       -320872.8356     832       3       2  0814+425
58561.567410            10.3567       -320898.4757     840       3       2  OJ287   
58561.568891             2.7646       -320913.0182     841       3       2  0727-115
58561.569886            -6.4843       -320918.0519     842       3       2  0458-020
58561.575014            -7.0965       -320921.6376     848       3       2  1034-293
58561.580916            -6.7077       -320919.0530     856       3       2  1124-186
58561.583671             8.5236       -320907.6308     858       3       2  OJ287   
58561.585303             4.5875       -320882.4568     859       3       2  0814+425
58561.587467             0.3601       -320923.6805     861       3       2  0727-115
58561.589308           -16.5185       -320933.6225     863       3       2  0458-020
58561.600153             9.4391       -320913.7673     874       3       2  OJ287   
58561.602583            -0.9868       -320931.7689     876       3       2  0727-115
58561.605454           -46.9362       -320967.1494     880       3       2  0458-020
58561.616993            12.4042       -320917.5717     892       3       2  OJ287   
58561.618787            -3.5781       -320941.7000     893       3       2  0727-115
58561.620720             7.3839       -320880.1352     895       3       2  0814+425
58561.635048             7.0279       -320929.6112     910       3       2  OJ287   
58561.636403           -12.9441       -320959.3879     911       3       2  0727-115
58561.637768           -25.4807       -320986.7065     913       3       2  1104-445
58561.640870             7.8004       -320922.3569     917       3       2  1156+295
58561.653949           -28.9418       -321062.1654     930       3       2  1424-418
58561.655882             4.5173       -320938.7917     932       3       2  OJ287   
58561.656970            -4.0928       -320860.5240     933       3       2  0814+425
58561.659354           -26.5941       -320985.3006     936       3       2  0727-115
58561.672537             2.8510       -320944.6587     949       3       2  OJ287   
58561.676217           -36.9981       -321035.9594     952       3       2  1424-418
58561.691379           -36.1439       -321029.9158     972       3       2  1424-418
58561.692676           -34.8171       -320938.5277     974       3       2  1741-038
58561.704794           -20.9156       -321000.5088     985       3       2  1034-293
