58598.772340          -340.3687        168220.1236       1       2       3  3C274   
58598.784296          -308.2927        168324.7969       8       2       3  2052-474
58598.786160          -377.2417        168339.0581      11       2       3  1759-396
58598.788116          -311.7993        168335.6272      13       2       3  1424-418
58598.789539          -278.1304        168338.5449      15       2       3  2255-282
58598.792421          -406.9926        168351.8055      17       2       3  1806+456
58598.798023          -333.5613        168377.6453      19       2       3  2131-021
58598.855465          -224.1472        168580.1632      60       2       3  2227-088
58598.857305          -263.3795        168587.8427      63       2       3  2131-021
58598.860940          -163.2926        168562.2788      67       2       3  0131-522
58598.866264          -144.7662        168623.8325      72       2       3  0003-066
58598.882965          -231.3803        168675.4139      86       2       3  2131-021
58598.886160           -61.2992        168666.4266      89       2       3  0131-522
58598.888729          -141.9139        168695.0080      92       2       3  2255-282
58598.889840          -187.6946        168699.4992      95       2       3  2227-088
58598.892190          -182.1277        168701.1152      96       2       3  1741-038
58598.895546          -158.5346        168705.8549     101       2       3  1806+456
58598.919852           -97.0577        168795.7056     127       2       3  1741-038
58598.927236           -93.0626        168831.0667     131       2       3  2255-282
58598.929412          -156.0610        168837.9267     134       2       3  2131-021
58598.966136            23.1595        168966.4533     169       2       3  2052-474
58598.971599           -64.2739        168988.6202     175       2       3  2227-088
58598.973220           -31.7777        168995.5546     177       2       3  0003-066
58598.976217           139.1795        168993.2464     179       2       3  0308-611
58598.979759            52.4903        169014.2950     182       2       3  1954-388
58598.982247           113.3909        169024.9711     184       2       3  0131-522
58598.985025            32.4195        169030.7726     187       2       3  1936-155
58599.001796            -7.7067        169091.6136     199       2       3  2227-088
58599.005037             8.9197        169105.5197     202       2       3  0003-066
58599.007329           154.8847        169042.4779     204       2       3  1741-038
58599.008856           149.3856        169117.9820     205       2       3  0131-522
58599.011657           183.3517        169101.8205     208       2       3  1759-396
58599.014504           103.6401        169122.4992     210       2       3  2000+472
58599.019435           149.6955        169151.0208     215       2       3  2052-474
58599.021727           195.7461        169135.5885     218       2       3  0530-727
58599.032907            62.0691        169200.3672     227       2       3  2227-088
58599.034041            84.9679        169203.1479     228       2       3  2131-021
58599.037213           190.2403        169217.6768     231       2       3  0131-522
58599.039771           241.5028        169231.9969     235       2       3  0454-234
58599.041414           209.0313        169230.8765     237       2       3  2052-474
58599.043845           160.9532        169243.8572     240       2       3  0048-427
58599.049319           125.7503        169264.9509     245       2       3  0202+319
58599.052687           115.6316        169300.7791     248       2       3  0133+476
58599.054829           243.1765        169266.6506     252       2       3  1936-155
58599.066460           274.7075        169318.6021     264       2       3  2052-474
58599.067884           176.1416        169329.1331     267       2       3  2255-282
58599.072641           213.9883        169357.9093     272       2       3  CTA26   
58599.086194           310.1112        169408.6680     290       2       3  0454-234
58599.088324           -33.7135        169330.0174     293       2       3  1057-797
58599.090072           349.0054        169413.7342     295       2       3  2052-474
58599.091426           295.2367        169426.3062     296       2       3  0131-522
58599.094493           240.1003        169431.1001     299       2       3  2227-088
58599.100940           216.2595        169456.6769     304       2       3  0202+319
58599.108243           307.8479        169488.5558     308       2       3  0458-020
58599.109366           331.1308        169492.3751     311       2       3  0454-234
58599.114597           136.9718        169444.3543     317       2       3  1057-797
58599.116866           347.9941        169522.8741     319       2       3  0131-522
58599.119991           365.8749        169484.8955     320       2       3  1954-388
58599.124782           377.9352        169536.2380     324       2       3  2131-021
58599.128787           269.4391        169559.8801     326       2       3  0202+319
58599.132028           357.5068        169580.0811     329       2       3  0454-234
58599.140257           398.7523        169611.0478     335       2       3  0131-522
58599.142236           397.7950        169613.1913     337       2       3  2255-282
58599.143555           465.0358        169596.8641     339       2       3  2052-474
58599.145199           331.8252        169621.0835     340       2       3  0133+476
58599.151264           421.0748        169639.0344     343       2       3  2227-088
58599.153694           319.2445        169650.0143     344       2       3  0202+319
58599.156958           382.6409        169670.7125     349       2       3  0454-234
58599.174701           373.8983        169732.9627     363       2       3  0458-020
58599.176171           397.5932        169728.9812     365       2       3  0133+476
58599.177768           405.3266        169745.5264     366       2       3  0454-234
58599.184030           384.2250        169758.0452     372       2       3  0202+319
58599.187942           502.3146        169782.8036     376       2       3  0131-522
58599.190847           371.2427        169792.2110     378       2       3  CTA26   
58599.199389           401.4679        169820.9513     385       2       3  0458-020
58599.201009           434.3023        169829.2813     387       2       3  0454-234
58599.202583           454.9633        169819.9809     389       2       3  0133+476
58599.206819           436.6748        169838.4345     393       2       3  0202+319
58599.209979           547.9787        169827.5894     398       2       3  1057-797
58599.211599           521.1305        169855.3036     400       2       3  0003-066
58599.213683           559.9289        169873.3727     402       2       3  0131-522
58599.221217           429.2406        169898.0510     408       2       3  0458-020
58599.230997           477.9493        169937.4814     414       2       3  0454-234
58599.271460          -387.2356        168990.9590     456       2       3  1104-445
58599.277282          -451.8671        169035.3207     461       2       3  0537-441
58599.280002          -502.3294        169046.5063     464       2       3  0454-234
58599.283289          -343.0803        169031.6418     468       2       3  1057-797
58599.286206          -467.0205        169060.8147     470       2       3  OJ287   
58599.288764          -341.6741        169062.0328     473       2       3  0131-522
58599.291761          -411.6069        169055.8654     476       2       3  0202+319
58599.294979          -329.0230        169080.1441     479       2       3  1104-445
58599.298382          -463.1180        169105.0055     484       2       3  CTA26   
58599.299678          -498.5797        169111.5024     485       2       3  0458-020
58599.301808          -410.8802        169121.1014     490       2       3  0537-441
58599.305141          -452.8840        169133.8893     494       2       3  0454-234
58599.306900          -336.1882        169130.8783     496       2       3  1034-293
58599.308416          -294.6310        169123.1832     497       2       3  1057-797
58599.311298          -442.1849        169148.3977     500       2       3  OJ287   
58599.313370          -296.1269        169141.9490     501       2       3  0131-522
58599.315488          -298.3075        169156.7972     502       2       3  1104-445
58599.320940          -285.0606        169127.5586     506       2       3  0202+319
58599.326079          -347.5872        169150.6825     511       2       3  0048-427
58599.329632          -385.1115        169208.1757     515       2       3  CTA26   
58599.336588          -274.3324        169234.8944     522       2       3  1104-445
58599.339423          -311.9611        169248.5637     525       2       3  1034-293
58599.343382          -245.0285        169256.0118     527       2       3  0308-611
58599.352329          -348.8944        169295.8679     536       2       3  0454-234
58599.354840          -400.9289        169301.6358     538       2       3  OJ287   
58599.357120          -368.2234        169309.9476     541       2       3  0458-020
58599.359504          -290.6746        169272.4204     544       2       3  0131-522
58599.362525          -296.2170        169331.7785     547       2       3  1034-293
58599.363926          -251.1675        169332.0144     549       2       3  1104-445
58599.366472          -236.9972        169347.4313     551       2       3  1243-160
58599.369146          -223.4785        169342.8604     554       2       3  1255-316
58599.370789          -192.5696        169343.9891     555       2       3  1057-797
58599.380789          -310.6079        169388.2869     562       2       3  0458-020
58599.387386          -265.7230        169413.0036     568       2       3  0454-234
58599.388764          -229.2454        169421.7025     571       2       3  1104-445
58599.390153          -279.7115        169427.1209     573       2       3  1034-293
58599.392861          -218.0754        169431.8147     574       2       3  1243-160
58599.395558          -190.6753        169439.3798     577       2       3  1255-316
58599.397548          -263.5152        169452.6271     580       2       3  1124-186
58599.399481          -148.3963        169446.2158     583       2       3  1057-797
58599.400893          -218.1929        169439.8296     584       2       3  1424-418
58599.410592          -208.3413        169490.1690     591       2       3  0454-234
58599.415025          -223.5159        169499.6830     597       2       3  0458-020
58599.416241          -325.2584        169515.9372     599       2       3  OJ287   
58599.417884          -294.0871        169540.9477     600       2       3  1128+385
58599.423162          -251.1668        169542.4162     604       2       3  1145-071
58599.426657          -166.0585        169554.1804     607       2       3  1255-316
58599.428891          -163.4451        169550.2748     609       2       3  0454-234
58599.430291          -176.8368        169522.1900     610       2       3  0308-611
58599.434574          -115.6035        169571.4102     614       2       3  1424-418
58599.437838          -161.4950        169530.6207     617       2       3  0347-211
58599.447618          -276.8591        169623.1514     627       2       3  OJ287   
58599.449215          -226.5147        169634.8565     630       2       3  1034-293
58599.452491          -235.2177        169645.1064     633       2       3  1145-071
58599.456136          -232.6871        169656.1054     635       2       3  1128+385
58599.457791          -100.3545        169640.8613     636       2       3  0454-234
58599.459782           -90.0320        169660.4161     639       2       3  0537-441
58599.466831          -146.4874        169696.7623     645       2       3  1351-018
58599.475916           -74.4272        169660.7172     651       2       3  0458-020
58599.478208          -192.4333        169735.6856     654       2       3  1034-293
58599.481032           -84.4073        169695.8141     659       2       3  0454-234
58599.482954           -26.7539        169742.2643     660       2       3  1057-797
58599.484366           -65.3466        169753.7926     662       2       3  1424-418
58599.493451          -165.6876        169789.6374     668       2       3  1243-160
58599.497595           -22.6584        169780.0399     671       2       3  0530-727
58599.501900          -171.3154        169810.6960     673       2       3  OJ287   
58599.506287          -171.1256        169827.6310     679       2       3  1128+385
58599.508335          -119.3703        169840.8497     682       2       3  1255-316
58599.517259            20.5125        169862.4155     688       2       3  1057-797
58599.521889           -40.6703        169888.4002     692       2       3  1424-418
58599.524319           -78.8576        169900.0301     695       2       3  1104-445
58599.532965          -100.2737        169858.0046     702       2       3  0537-441
58599.535465          -132.1716        169927.0573     705       2       3  1128+385
58599.537201           -45.6853        169945.3370     706       2       3  1546+027
58599.543903            54.9423        169953.7988     712       2       3  1057-797
58599.556426           -47.4444        169994.0079     722       2       3  OJ287   
58599.562143           -54.4722        170029.5250     727       2       3  1034-293
58599.565766            54.3004        170029.7628     731       2       3  1759-396
58599.567386            88.5479        170037.9242     732       2       3  1057-797
58599.580014             0.5191        170094.0501     745       2       3  1424-418
58599.581518           -15.0047        170097.6105     749       2       3  1034-293
58599.586113            26.4259        170088.8545     752       2       3  OJ287   
58599.587768            55.8705        170135.5797     753       2       3  1741-038
58599.589412           -45.0241        170112.4558     756       2       3  1128+385
58599.594018           -63.3517        170142.4781     759       2       3  1243-160
58599.604643            13.0697        170156.9094     767       2       3  1034-293
58599.605951            35.6923        170161.8054     768       2       3  1104-445
58599.611345            39.1407        170180.5013     773       2       3  1741-038
58599.616680           101.1371        170135.2408     775       2       3  OJ287   
58599.619099           -25.6403        170175.1146     776       2       3  1954-388
58599.622039           -39.2720        170215.5203     779       2       3  1546+027
58599.625430            10.2067        170231.6264     782       2       3  1717+178
58599.628856            80.4972        170242.1636     786       2       3  1104-445
58599.630141            69.5266        170244.9384     787       2       3  1034-293
58599.633879           -53.1064        170258.9757     790       2       3  1351-018
58599.637491            45.9925        170271.0967     792       2       3  1741-038
58599.641206            42.4717        170290.2989     795       2       3  1424-418
58599.644967           -24.1227        170298.1883     800       2       3  1546+027
58599.647421            22.0658        170305.6216     803       2       3  1717+178
58599.651923           117.6536        170318.7474     806       2       3  1034-293
58599.655002           135.5594        170338.4191     811       2       3  1936-155
58599.658474            68.9005        170323.0338     814       2       3  1128+385
58599.663636            53.9142        170366.0409     818       2       3  1741-038
58599.665234           101.5598        170336.7144     821       2       3  2052-474
58599.669053            -4.1311        170384.6122     825       2       3  1546+027
58599.672120            47.6962        170390.1944     826       2       3  3C274   
58599.677398            98.1212        170408.9280     829       2       3  1145-071
58599.684458            40.5221        170435.9308     834       2       3  1717+178
58599.690488            61.6229        170461.3276     841       2       3  1741-038
58599.692109           202.1382        170452.2496     842       2       3  2052-474
58599.693868            22.7499        170474.5571     845       2       3  1546+027
58599.699910           189.3215        170441.7420     849       2       3  1128+385
58599.701669           217.2398        170489.1131     850       2       3  1104-445
58599.703521           125.5167        170505.7917     851       2       3  1243-160
58599.708416            77.2996        170524.3063     855       2       3  1351-018
58599.711889           234.4027        170514.9475     858       2       3  1057-797
58599.713602            75.3612        170547.1305     860       2       3  1741-038
58599.716680            64.8994        170553.5534     863       2       3  1717+178
58599.721831           194.4946        170516.3021     869       2       3  1034-293
58599.723370           160.4307        170579.2608     871       2       3  1936-155
58599.726634           171.4932        170572.8606     872       2       3  3C274   
58599.731368           243.7294        170575.9377     873       2       3  1104-445
58599.732653           250.1768        170585.1303     875       2       3  1057-797
58599.734227           208.5505        170614.3305     877       2       3  1255-316
58599.740997            93.7028        170645.6280     881       2       3  1741-038
58599.742213            89.9358        170647.9764     883       2       3  1546+027
58599.751044           179.7550        170685.2075     893       2       3  1759-396
58599.758104           183.3136        170633.7393     899       2       3  1104-445
58599.759389           262.2222        170672.6032     900       2       3  1057-797
58599.761923           227.6341        170721.8992     902       2       3  1954-388
58599.764562           115.4983        170731.1574     907       2       3  1741-038
58599.766148           296.1704        170751.7914     908       2       3  2255-282
58599.767687           274.5713        170737.6239     911       2       3  2052-474
58599.769933           173.5455        170749.5226     913       2       3  1936-155
